570436 570126
610493 608674
100164 100501
623645 603809
574493 574406
114980 84397
112500 74363
85233 114152
717595 717414
610590 624169
77399 77551
622469 614826
95722 96031
92809 92843
613815 605255
121304 110959
574079 573639
105920 106122
102318 73069
806012 806194
595967 627553
110285 109870
577830 576811
619503 619574
110959 110914
622467 614786
628806 601643
610171 610045
627267 605345
1017614 1017612
600185 600411
572992 573085
580848 583931
85611 85683
622371 622152
84218 83979
74365 74459
614808 614705
116950 112990
111072 111461
578943 578169
618364 618811
586320 586464
90609 90753
628500 599630
586347 586276
109225 122540
733140 736979
755340 751861
735511 728313
604632 604532
570750 570671
78913 109915
578241 578136
589725 589574
599579 600811
952563 959143
83933 83727
568382 568420
584550 587462
610853 611217
118902 118868
565450 565421
105914 106342
723194 722993
605162 615864
573410 573336
599877 600032
632166 601808
582973 582907
458100 457952
607860 612268
620282 620478
615591 614471
728789 735516
83942 83870
572751 572884
610393 610853
218423 217537
621954 622373
104225 85683
85233 120142
601215 620001
101760 101832
717956 718012
82322 82351
100164 100740
95404 98422
578548 578804
122984 122972
88435 88421
606534 608102
608295 608385
600809 599579
75137 113695
601428 601238
629594 602348
620932 629041
622920 622573
618080 620878
609331 618571
97950 97761
624618 606679
572969 572783
89572 91308
594740 594725
111108 111315
578031 577820
122695 82725
597426 620212
76619 72561
107835 75298
97449 97141
624136 610583
724968 718012
598945 599094
106071 589273
576834 624060
608279 608026
599834 600284
101663 101760
600552 599570
725042 718131
92791 90729
601534 628664
600057 599877
587266 589902
115835 88891
620962 621074
732493 722639
422744 417045
568664 568998
623119 623448
93512 93547
599971 599893
93997 93913
626504 600322
722646 732493
609310 568081
94976 97828
603920 603988
587365 583061
721231 722384
593354 582189
571766 571615
615333 615476
619191 614714
570430 568963
615333 615265
577830 576710
75790 85378
82469 83089
620969 619487
626581 603030
627699 621767
600327 600172
622477 614762
89915 89775
599491 600192
581980 581856
565423 582738
87550 87464
113695 74640
76817 109771
600256 600930
586751 586785
733547 737139
726478 722402
88403 88226
600504 599033
577754 577830
423911 421308
596143 596295
600234 627342
115641 90293
597665 597426
455261 455196
506826 506255
631806 601534
113096 90686
590289 589895
597024 630492
741866 742330
592923 580356
598157 598799
600322 600949
943806 943844
714164 714153
670514 670332
716279 732249
605824 632327
623601 627267
94867 100601
618080 617989
624295 624169
93997 93932
97241 96781
100214 100767
735002 735004
620884 620839
75744 75574
607680 631141
97659 97447
572233 571025
627664 618569
85521 87020
624206 624136
570356 570408
97833 94990
731868 728826
115025 113209
593364 593341
620001 619725
595316 618344
204802 205354
738768 737487
570054 570349
608651 610045
583388 583365
626410 598945
104229 104417
722402 726471
82019 82084
735749 734154
615321 615333
107449 107042
102584 120626
722250 721169
576826 576935
573323 572975
89579 119424
106214 106166
569026 570430
566366 566447
599464 627342
722266 722323
624710 624609
627329 599624
679474 679278
716392 730584
85138 85151
209114 208728
581354 581387
104036 82204
455591 458622
719729 719798
610505 610527
717643 733327
617946 617968
716902 719729
75761 75744
605218 621767
79515 79623
90155 90271
586624 586929
897193 897745
603891 623613
597464 620478
830043 806012
587879 587731
106234 103644
721939 712908
610561 609328
97944 97978
75711 112287
712991 738695
629358 623403
751904 758947
588872 588818
584136 584219
600322 600463
600184 600392
92130 92092
97609 97599
716475 716790
614222 619191
572920 573237
622267 631349
624484 624206
121773 82132
801500 802056
609098 608940
570499 572233
73394 73743
119489 116024
745406 744169
722782 723341
96965 98379
106463 106234
572748 572783
372045 369885
585284 587631
623707 610561
120375 93330
102077 102108
722898 722188
597710 620488
567762 609054
348457 347782
613456 613217
589747 589820
628788 628226
90957 90946
81931 82034
100164 99934
79433 79748
588741 588814
627361 600585
81931 81776
87180 121705
952218 959143
584136 584037
618080 620966
85288 85344
615040 622733
612536 612786
589405 106506
97238 96781
603223 603205
577581 577989
583393 583365
74255 74425
455591 455502
694839 697333
565518 568155
605255 613742
591995 583626
75785 75711
601599 597024
96240 88551
623613 604284
599897 626492
398715 398798
732788 736660
76390 72561
98932 99016
587898 587788
617858 619111
89769 89079
603233 603345
618080 620963
576793 576864
567972 567880
117718 80066
626649 630293
621767 618527
580473 580356
101894 102333
607967 608170
592131 582149
716392 733647
122065 105627
355214 356025
602848 599961
81190 118713
103665 101894
102348 101837
566731 566818
581163 581060
574579 572011
566675 566608
728789 731848
600589 600504
92791 92447
713201 713546
106349 106234
722323 722373
613907 613877
103749 102612
81554 81530
95764 87847
583379 583452
565531 565736
601108 627424
719453 734987
574269 573323
582691 565421
629536 630025
93963 101686
592077 573410
572908 573196
81846 82084
600143 600261
583620 583467
79019 78984
83744 83934
597710 597546
617083 617037
954947 955355
605548 605560
572963 572850
618830 618948
609289 567896
570750 571024
619191 622640
572277 572746
735002 716656
576999 576810
617972 618080
624170 624206
570925 570835
121035 123478
97457 99319
621871 621955
624952 624723
95951 95931
572233 570480
86755 90591
630603 598188
570907 570925
88059 95770
515225 506826
109544 111461
600552 600775
570436 570634
115080 116179
737139 715154
570343 568959
578208 578857
614659 614711
602692 595967
600623 599893
105004 105109
106247 105846
601494 631814
597329 597426
721930 735602
628806 628665
108861 82469
568827 570047
622004 614152
568803 568687
619492 620969
619464 618080
624881 624952
568959 568730
582207 582350
83353 83207
76606 76664
748529 748530
573482 573770
615171 594828
605548 605663
582979 583005
737656 713546
615855 615370
600026 600411
96784 96321
622667 622671
631141 602765
596250 596295
96893 97096
622522 622610
100727 100134
622110 621955
122336 113427
572304 572333
121078 108950
576810 577906
581643 583666
605035 605022
627675 618571
575926 576114
112168 77935
79719 83744
735011 719551
106494 589295
621790 618535
631141 608375
76750 76845
620175 597476
106286 106536
76791 76834
82351 82429
628151 599968
618632 618721
624366 623923
570925 571213
582967 582712
89081 89769
603303 603223
723195 722993
578197 578031
583626 591758
120862 76357
727188 723434
618948 618646
618080 620961
602497 604848
106336 106396
75198 113695
627980 608495
615999 611334
595967 602589
80306 117858
613907 614145
622373 619081
123833 121773
104307 113322
612786 612544
97824 97854
81931 81865
572884 571041
718012 717646
100129 100476
207914 208272
106234 106352
576864 576765
615333 626106
580404 576911
628659 628874
121781 112821
569622 569498
736040 721196
573040 572665
591992 584136
468624 468859
325873 328013
572054 572233
572963 577216
591386 591921
569433 570159
97058 96781
733689 737461
446237 446283
597710 597572
570044 568807
87800 88059
602348 602195
73630 73871
620289 597692
614152 626987
621828 621955
718086 717954
97096 98928
90621 90597
614921 616553
568081 575703
589738 589574
737865 724181
88059 88427
614493 614539
627551 602579
573013 572746
714901 737406
621118 621130
603345 603150
103676 106234
624156 624136
104652 104600
602585 631865
89871 89775
581690 583666
106494 106546
621483 620969
624952 616130
718433 721939
731129 714693
75581 75680
615621 615786
597632 597509
737551 737570
118003 72919
95722 87934
99016 96990
618561 618632
116673 73489
615040 622486
583379 583455
585366 587788
615040 622650
85220 83341
578943 578225
614954 614876
114258 122903
586523 586293
85664 84512
97590 97679
96582 96523
570430 570316
611512 607576
114282 107682
348457 348009
1067643 1067829
608491 608615
573566 572599
469222 469190
115636 82084
610187 610929
731847 728544
372531 372526
618374 611986
619893 601215
98169 97944
607525 627456
569040 570430
105914 106150
582688 582638
600370 600327
630286 630291
77630 78028
599638 600502
571092 572845
80852 80961
573112 573105
611823 603978
100153 100727
738994 739016
612444 615200
861762 861857
631506 601428
628874 628636
92844 119307
119421 89572
568155 565731
616028 625472
742160 759416
723265 734750
615650 616215
570130 570111
86882 87293
94502 95136
616905 614841
100462 100220
627534 627456
88059 95713
630063 629531
81819 81581
725463 725185
568803 568565
499469 499115
568420 568288
611268 624586
597476 620490
604529 630273
583281 583479
583445 583931
610363 610527
731560 727885
740177 759883
600552 600660
107834 121576
738343 738353
102077 102218
594487 601494
777393 777138
99261 99271
1067450 1067643
102648 120615
820451 819933
605450 630943
208066 208183
624316 624136
90321 90271
102275 102364
75366 74573
607915 606940
583945 584087
601620 628806
565531 565422
731847 734668
623755 624116
631420 621950
730341 718690
567762 609061
608170 609495
716513 716578
576313 576665
103680 103743
85033 87287
617280 617327
98942 96978
592300 593354
76815 109765
589902 590350
573129 573112
114357 114350
568883 568998
597455 597426
613766 614097
611268 611284
777427 777393
208759 208827
78979 79137
103662 106214
570387 570651
354406 348457
567762 609075
614199 613907
106247 106398
716649 716148
591334 582199
106057 106494
570422 568959
119343 84433
103131 90289
717237 717083
595172 595177
568125 609289
107941 107937
605422 632329
600669 600504
105277 105342
697333 668541
572233 572066
105873 106286
620889 621092
725199 725185
89060 89089
673318 673267
85316 85382
91998 92074
567985 609325
85343 85489
569287 570071
85378 86076
114559 93512
600325 600184
89523 89562
598705 598799
602721 597024
573053 572746
585231 585117
819933 819742
584240 583931
599027 600504
728433 735511
571615 571896
584155 584136
721169 730719
735002 719443
75711 75680
632202 631569
718012 718133
612043 611964
744454 744591
124311 124261
618632 618423
613907 613981
725042 718086
629751 625178
97447 97350
102275 102305
115079 116179
773124 767725
820452 819933
580949 581387
621767 605318
593969 566445
347997 348457
587913 588456
627718 618571
617544 617552
616694 615590
614609 614724
578548 578886
723099 734127
573712 574079
75366 75436
469030 468994
208780 208827
820126 819933
580356 592576
578259 573323
613633 613971
573085 573766
590349 588771
715509 715964
119268 119405
154528 148993
623651 603976
96240 96230
120467 91237
572233 570283
455420 455591
624196 624169
589273 589161
585117 585125
724711 724757
722993 735891
624410 624561
588886 588818
719453 716641
595316 626169
729084 729040
119923 73043
96240 96236
713329 721169
74572 75366
117864 80441
730209 735763
751676 751529
596706 596727
627361 600552
120375 120357
630247 631946
85521 86998
719551 716942
608546 631141
578241 578117
599664 600552
733709 715782
820276 819933
735459 727483
90271 90110
621047 618080
722993 723220
591967 585566
93716 93662
89853 114715
730803 721372
582838 565421
577985 578241
84833 84414
79075 78864
123509 107682
624319 625120
570674 572711
624366 625202
618571 627706
88948 81650
583281 115459
102009 101406
105866 105914
604529 604655
79019 79091
209165 208827
724816 717756
115932 116179
739016 738995
574909 574978
583365 583391
570125 570436
96321 96108
567089 567060
74465 107188
605493 632329
955131 954811
610527 610511
580495 592596
97349 100037
566372 595234
571319 570408
106286 106235
568803 568694
111106 111265
74459 74423
624384 630291
611959 612083
717962 718012
579437 579687
96828 96781
599874 599491
600152 600322
583731 583365
98060 97828
620969 617986
615051 619191
570013 570159
598877 599158
613337 613944
614786 622444
116579 108193
154528 154585
91498 91464
584899 584861
578178 579152
572845 571125
714113 728766
595967 601992
566412 584979
718233 716392
747675 747722
624574 624410
565931 583052
632001 602403
723438 727110
85167 85315
610561 609271
102471 103680
73259 72938
759599 761698
586949 586929
76261 75919
99346 99063
110344 109870
84464 84400
601984 595967
578339 574493
851971 851951
723018 738347
725591 738647
572453 573477
88445 88059
76092 76058
615033 619191
90123 90293
88465 96240
91180 91814
604764 598287
575175 579521
567692 567933
567286 567219
624525 624433
583467 583525
628746 598217
610329 610281
717324 717389
588516 588533
75919 75840
75744 75561
118082 97854
568081 623687
597426 597554
572791 572845
104774 104811
721313 730721
583645 584136
579521 579387
84122 76713
95510 98422
97599 97502
89578 89523
624725 611277
74417 82427
723682 723606
576527 575856
621912 621955
102360 102348
622951 622573
627341 599701
608929 609098
599630 627341
719063 719453
614152 614023
102492 120615
592803 583626
574309 574493
115929 122227
608258 608295
724025 728410
618774 618586
570054 568725
571185 572711
602403 602341
715815 716513
622371 622163
94002 86221
103710 103680
90753 92860
594828 612714
629587 602348
75298 75179
104911 104811
610045 609906
628351 599877
732194 734733
618571 618519
97599 97558
751716 758912
627456 607623
611134 611268
622838 622365
600143 600191
954947 955149
760270 743577
109117 122285
582587 593364
13697 13333
96719 96978
620391 620436
600292 600322
602173 626649
723085 723053
112419 109235
112924 107574
457927 457952
955131 954982
577171 572828
79503 79506
610561 610551
79827 118035
717755 717896
602300 604529
616277 616215
603696 599942
572963 573285
208739 209168
612786 612779
110724 111936
582350 593424
572783 572756
567880 567994
78018 77653
565708 583052
726694 731510
567060 567139
605949 627456
620001 619715
712042 712051
