623613 729812
601353 110032
588923 715509
601012 736660
82453 631027
735710 612083
733437 601353
595670 715509
715509 580998
736075 601353
721078 619415
122366 601353
607182 715509
621792 715509
630380 736660
715509 615374
589460 741978
578880 715509
632354 715509
715509 572177
715509 571901
604721 715509
715509 569437
578292 721078
598264 721078
628992 721078
741866 117371
619802 82453
721078 570233
101894 714085
601353 722961
586751 718676
573038 715509
82453 593907
82190 741866
120375 747010
80090 741866
601353 716333
114744 741866
623613 730034
715509 573078
595205 721078
124275 741866
721078 627722
736660 745786
612083 111668
732266 601353
601353 716898
115986 741866
715509 600215
76317 595479
601353 716838
598807 721078
612457 721078
577673 715509
569121 715509
718305 601353
721078 617989
715509 629307
614090 728826
715509 598652
715509 605988
721078 619533
573112 737635
741866 582661
623251 715509
725127 601353
605311 715509
715509 598728
86221 617578
741501 86221
739038 601353
715509 600503
715509 599704
728826 627666
717861 601353
613944 117156
601353 727821
621291 86221
610255 715509
569381 721078
609684 715509
715509 630521
739601 741866
622991 721078
601353 728583
575088 715509
567992 715509
76317 625612
714833 101894
607749 721078
715509 565316
577910 741866
601353 728633
742641 78075
630730 721078
715509 594256
621270 721078
108828 601353
90960 741866
715509 613688
623613 718350
715509 582000
577982 741866
76954 602348
721078 566138
715509 603887
721453 601353
721078 616539
741866 587860
741866 87029
736660 596668
82453 742634
741866 83555
741866 90791
721078 598218
111373 613944
601278 715509
715509 613354
741866 587369
723689 601353
620280 82453
623613 717041
728826 599296
730831 601353
569046 715509
598849 721078
588539 741866
613205 736660
715509 569488
736660 606297
618128 86221
760819 721078
576634 741866
609123 721078
721078 609176
601353 739285
604833 721078
628241 715509
567188 715509
607772 715509
567735 721078
86221 621440
573112 717468
584664 715509
110823 616946
721078 570817
736049 611823
120375 742095
608459 715509
715509 572557
612083 722919
715509 618893
605741 736660
763200 76317
86221 602474
577396 721078
616886 111106
623613 726429
625226 721078
713406 601353
601353 726259
613806 736660
106234 746613
728826 600074
612713 715509
620243 728826
108392 612758
614291 736660
594524 715509
742604 82453
741866 113330
565059 721078
618715 721078
601261 721078
728826 598956
721078 606067
721078 606063
76317 628262
627766 721078
86221 618946
721078 605061
736660 601077
715748 601353
573112 738758
734965 589731
715509 625185
607589 715509
623613 722035
631449 721078
715509 570916
715509 624431
736660 630344
747193 586751
98652 623522
612240 715509
715509 571694
741866 83475
728826 613243
741866 579325
86850 741866
745724 76317
615238 715509
631814 721078
611823 112136
627589 721078
731444 601353
605616 715509
82453 741349
82453 619296
605472 721078
721078 578855
741978 573151
589731 714022
715509 581627
572236 721078
616774 721078
86221 617599
715509 632397
715509 627634
741866 581633
623613 109311
566247 741866
596968 82453
592192 715509
84833 741983
751560 591334
618893 721078
617470 86221
715509 592961
612758 729306
84123 741866
718059 601353
609567 715509
589731 751567
573112 719193
587876 715509
613872 715509
601353 717078
583944 741978
728826 612719
626174 728826
721078 595809
715509 566003
565013 741866
599335 82453
111106 621958
605143 721078
98652 620516
715509 615433
721078 596493
741866 84032
76317 596979
601353 725825
715509 572411
627827 715509
853457 295470
730318 106234
77326 602348
600382 715509
741978 592001
77750 601353
718563 601353
619295 721078
86221 602088
736660 607514
717524 570925
715509 578763
715509 577652
715509 631493
573112 713139
629279 728826
739733 733658
617075 715509
718753 573112
601353 723182
724107 623613
608611 721078
579651 721078
568743 741866
715509 608320
631071 715509
601353 728467
601353 738809
715509 581800
715509 585317
601353 714868
714346 101894
620471 86221
721078 616325
715509 565940
615408 721078
721078 739652
571292 715509
728966 573112
726888 601353
721078 569190
733318 571275
721078 743971
602249 715509
600237 715509
571275 716655
741952 589731
853457 324416
721078 594233
738353 609174
715509 598631
579490 721078
722055 601353
739183 601353
721078 594554
569065 721078
578459 741866
594908 721078
736660 605763
593411 741866
323170 853457
601353 738102
626994 715509
741866 580640
612830 715509
615572 721078
715509 630462
86221 628252
627875 728826
601353 720001
573112 742001
721078 629532
621531 82453
760311 86221
122289 601353
569766 715509
721078 595443
741866 83565
612794 715509
748082 715509
616567 715509
602348 733283
628206 715509
603411 728826
715509 565791
620213 86221
110823 603050
113484 601353
721078 602057
82453 597093
600884 721078
86221 630701
82453 742623
715509 599107
582155 715509
90621 718276
738518 601353
589731 737724
590924 741866
721078 624865
741866 79595
719911 739733
715509 610119
738923 573112
106234 751821
600169 721078
741978 624743
623244 715509
601353 723616
630936 728826
601353 110631
623092 86221
721078 621999
631616 721078
728826 628261
82453 597667
623613 717296
741866 569614
715509 591844
721078 604642
572377 741866
736660 607989
716465 739733
623449 721078
589233 741866
728826 601694
597567 86221
573112 739037
594100 736660
601353 722590
741866 585165
741250 86221
627075 86221
715509 601632
115225 741866
736660 629646
612758 713665
734753 601353
599345 736660
721078 597350
718836 601353
618643 86221
721030 592503
737424 571275
715509 598197
741866 104186
721078 616149
122971 741866
594272 715509
715509 598458
628728 86221
613944 718435
77272 601353
741978 624188
715509 600732
623453 73158
88670 715509
117721 741866
596070 736660
721078 617165
631299 98652
721078 623262
583625 741978
721078 619568
625630 715509
622330 728826
579495 715509
603632 736660
715509 631966
715509 615804
575552 715509
86221 622270
715509 603235
611726 715509
741866 623935
715509 595973
618890 715509
726120 613944
715509 582326
741866 96318
736660 603695
721078 744097
101894 737633
610451 721078
713015 601353
601353 111641
741866 583300
90222 741978
741866 581297
601042 736660
579491 715509
736660 607140
601353 113524
82453 618055
741866 121875
853457 318369
580730 741866
715509 632290
621400 111106
202649 853457
728826 623304
714246 120375
741866 595228
581452 741866
715509 614487
598912 728826
599770 721078
101894 746384
602263 715509
595521 86221
601353 737495
741866 104341
101894 713931
715509 599985
739733 746383
111652 601353
90621 746974
605902 715509
715509 618765
601353 725199
569424 721078
716798 573112
610467 715509
627446 715509
631267 101894
597084 86221
619815 728826
609417 715509
592131 721030
629923 715509
715509 622108
601353 120275
605020 721078
86221 597376
721078 624921
601353 724196
741866 119728
101894 593920
77604 601353
82453 740209
567966 715029
83093 741866
715509 602393
84263 741866
721078 576378
76317 628691
715509 571344
734573 601353
721078 623253
623613 716003
82453 621703
602771 715509
582401 715509
91353 741866
86221 742459
741866 576073
620293 721078
733344 601353
715509 615395
606212 110823
736660 603517
721078 623194
576749 715509
726370 601353
86221 596574
601353 737177
621472 79019
629387 715509
741866 587720
715509 629111
741866 567073
623613 113515
741866 586313
747247 82453
604870 98652
744724 715509
736414 611823
591519 715509
741866 117485
618367 715509
568107 715509
733453 573112
728826 744397
630629 728826
608204 736660
741866 566403
605690 721078
721078 578740
743722 741866
573112 746700
763143 101628
593513 736660
853457 203162
614972 715509
623613 722149
569232 715509
569989 715509
576342 715509
86221 744326
606351 715509
86221 621385
86221 618897
730606 611823
584718 715509
719577 601353
621439 721078
604363 728826
121966 601353
575822 721078
731489 601353
623613 727048
715509 581106
759551 101894
715509 574398
715509 618396
715087 589731
612198 715509
82453 740920
612083 721383
721078 617300
715579 601353
728826 620249
601353 712884
596787 76317
715509 626539
751911 101894
604627 721078
729633 601353
298264 748322
727700 601353
730462 601353
604821 721078
741866 119101
630086 715509
85378 596330
587314 741866
742886 101894
617087 721078
741866 586493
573112 725176
86221 595465
611440 715509
601353 737961
715509 603523
741866 80051
626184 86221
601353 111994
746356 101894
735583 601353
568358 715509
725649 570925
736660 740672
570674 715509
83096 741866
585951 715509
715509 614206
618433 715509
715509 566757
593732 82453
721078 573129
573112 716242
593699 86221
741866 575540
715509 591158
728826 745902
715509 624420
621724 86221
737929 601353
611823 720323
628396 736660
325405 853457
715509 609294
721201 602348
86221 620396
618727 715509
736660 621500
715509 585051
741866 101498
569390 721078
602348 721313
601353 737524
613944 726417
721078 595336
631755 736660
715509 582195
121515 596290
83862 741866
82453 597317
715509 626027
621541 721078
628483 721078
728826 631604
601353 737432
622342 715509
721078 610930
604437 728826
715509 599073
120375 742024
601183 721078
601353 715796
741866 89887
715509 624290
601522 715509
121260 601353
726509 601353
589731 751906
119545 741866
713133 601353
626705 82453
570925 743057
721078 612522
86221 744085
575493 715509
601353 729963
715509 588092
715509 575739
613287 715509
632183 715509
589731 747308
599223 715509
601523 715509
608075 721078
76317 622812
715509 590988
604808 715509
741866 123733
721078 596747
597538 82453
601353 734211
574211 741866
715509 572702
741866 588285
715509 611502
565938 715509
612085 728826
715509 603756
721078 618378
721078 602956
721078 610345
82453 744304
596913 721078
620082 85378
741866 593970
715509 614030
632224 86221
610651 715509
589731 715776
580210 715509
628111 728826
746392 589731
616487 721078
723428 623613
721078 606789
741866 565284
715509 576545
601353 712939
613708 721078
601353 111019
86221 619999
602780 728826
82453 742434
721078 629906
741866 581068
82453 595999
616400 728826
715509 582790
576274 721078
573395 715509
717171 601353
625663 715509
120375 742711
736660 597351
715509 626754
715509 584383
614949 715509
853457 297657
715509 618945
82453 742432
609096 721078
715509 598611
86221 745948
101894 751819
715509 588195
715509 608545
627662 736660
573112 732191
593592 86221
86221 759552
741866 565321
728826 606234
601353 106732
718310 571275
101894 714596
120375 741737
82453 744040
98652 618910
741866 89598
601353 111757
598227 715509
740570 76317
611078 715509
715509 608053
624877 721078
86221 632349
571260 715509
579714 721078
729132 601353
84833 597710
615537 715509
626733 715509
736660 745517
721078 617161
612083 734841
604814 715509
743948 728826
746361 573112
721078 574499
731541 623613
586715 715509
732807 601353
741866 97143
86221 741065
107112 741866
715509 613842
579704 715509
620786 98652
721078 609388
611293 721078
591362 715509
613763 715509
601147 721078
612997 715509
601353 97681
715509 588135
736660 626429
725802 739733
571449 741866
86071 715509
572727 715509
601353 77048
725762 573112
612083 721469
86221 620287
853457 202943
603668 721078
613944 719605
610247 715509
627945 721078
627371 715509
713115 570925
715509 610606
721078 576417
78378 741866
601353 724284
124286 741866
741866 80055
741866 587010
84833 742227
623141 721078
575561 721078
621036 82453
613495 736660
607590 721078
715509 626570
575600 715509
594611 715509
120375 742467
110302 601353
601353 720899
76317 630143
721078 629085
588845 715509
601353 728478
617500 86221
594420 742994
611823 714332
625078 715509
717921 611823
715509 612801
612083 726219
621149 86221
84133 741866
601353 724116
613944 725949
627789 736660
721078 613401
82453 759707
570841 715509
728826 600236
737636 101894
745935 715509
586669 715509
113695 744221
736660 628225
121916 741866
78122 601353
600443 715509
623613 738028
741866 625589
630155 721078
729628 613944
597755 82453
606171 736660
592262 715509
601353 718301
86221 604881
618647 715509
741866 583197
623613 730308
622032 728826
742578 120375
574401 741866
742180 86221
727373 611823
715396 613944
715509 622970
715509 598738
715509 565187
82453 745755
721078 610404
573424 715509
736660 622735
715509 570272
573112 718303
736660 600181
601353 736124
629961 721078
600184 715509
715509 624162
596948 721078
601353 713829
101894 747204
72897 741866
736660 594373
715509 576562
741866 569734
76317 620999
595638 721078
298264 744166
721987 567966
721078 623645
569825 715509
602348 77233
715509 571092
715509 620049
587258 741866
587000 741866
623613 719154
736660 614740
746429 90753
601353 717114
721030 568267
613709 736660
82453 597807
602380 86221
726160 623613
575443 715509
721030 566030
586458 741866
577703 715509
715509 614644
721078 631060
715509 616324
595538 721078
613944 121120
736660 605556
582815 715509
82453 742168
719303 573112
721078 619032
619802 715509
727127 601353
612498 736660
605818 715509
326953 853457
732132 573112
741866 587630
622969 736660
82453 596203
728826 604057
732722 601353
601353 122516
620676 86221
79928 741866
618601 86221
620690 728826
715509 594409
627042 86221
601353 737765
741866 85604
603370 110823
568091 721078
715509 626204
573538 715509
619714 86221
630063 721078
117494 741866
615472 736660
613944 76581
601353 724061
736660 627822
742882 571275
715509 613063
593719 736660
110470 601353
741866 586332
597224 86221
82453 746512
741866 82055
574558 715509
601022 721078
610153 721078
573112 714071
592505 741866
722918 601353
624208 721078
715509 573742
715509 577866
741866 116312
86221 595676
113336 741866
601945 715509
715509 745844
721078 622160
619529 82453
715509 591014
111025 601353
581378 715509
741866 81467
715509 597877
739681 721078
713904 573112
77208 601353
76853 715509
101894 714301
85378 597072
108842 611823
116240 613999
715509 602185
572597 741978
741866 576555
618432 76317
728635 601353
104106 741866
