729562 732821
102406 103680
567921 568081
113695 108136
95716 95931
567966 575612
587313 587140
586812 589820
898272 897745
630766 604529
78075 77900
572746 570569
719729 719484
97447 97200
624875 606294
628254 628310
590533 590349
74465 120154
74990 75711
104934 104814
106282 103610
583931 583311
90073 81931
587938 587913
587304 586751
604656 602216
100599 116179
715509 734988
569091 566840
122763 82972
607153 607891
751569 742947
584899 585940
578178 578009
595967 631834
624206 624547
610045 609838
611038 615999
627838 603522
76791 111883
85000 84208
600229 600411
628814 628310
102114 101790
568851 587913
591749 592184
122330 108404
592997 592507
576465 576665
121948 107682
570617 572304
571487 571275
570408 572166
88822 122975
600143 600947
572362 570651
570750 570722
623755 624132
122695 120415
600651 600552
623972 576826
94995 97760
619531 618080
726271 721030
88434 96240
565421 582292
96403 97455
584596 583379
624952 624884
603138 603602
573770 571999
582823 587865
103680 106218
582982 587408
104458 104361
113199 80427
608295 608009
115835 89276
609279 567933
736352 730742
73871 123881
102274 102114
82084 115372
565421 565588
584788 584863
625333 624258
85233 83610
88610 88380
575838 575840
713039 721398
109915 73158
111101 111182
586961 586551
571377 568998
820496 819933
589523 589574
114916 102077
85315 120782
607242 607920
97679 99654
588109 571275
615941 615855
727574 729029
570436 570044
603138 597017
623775 568081
73505 73724
603156 597024
614017 614638
73947 73871
115041 117346
610626 608674
607152 599348
118385 124068
88317 88421
618080 621091
595967 603131
89775 81662
74596 75387
726079 721078
614609 614767
122614 117379
597818 598020
622838 622296
609704 627435
611230 615999
609278 610527
106504 105914
567966 609417
604639 602216
725042 718023
573085 574219
100697 101023
600552 626410
719318 738977
73583 73304
723139 722557
598799 629427
97457 97287
113802 73158
622059 621955
76791 77023
598945 628938
607920 608108
110550 111106
596290 602060
601353 630233
154528 154491
620436 620626
605885 606575
588477 587913
82084 90055
716763 716649
626159 617552
109621 121019
114417 104038
96163 88380
81931 81912
111096 111026
570925 569882
97127 99346
602052 602145
569287 568672
299012 298364
102114 102514
106433 102584
629092 629939
86082 85378
116179 107665
762937 744255
632329 605883
736218 737487
723492 731129
730463 733433
109516 110383
724139 728301
621130 621513
614624 613944
610240 610281
592920 592553
601985 601603
599271 625847
724180 732544
679474 678512
572746 572537
91701 91814
105766 105907
112998 113032
89769 119342
569822 567372
573085 572937
596358 596295
106541 106234
94995 97942
733988 733963
728603 728503
102584 101834
621767 618509
106551 589273
577830 576671
599491 600406
572283 573566
724268 732544
298264 298607
624468 624169
624216 624410
81771 82084
119121 80971
614065 613938
576828 579129
90533 90686
618830 618571
87989 95781
117661 117924
618467 621791
597624 597710
631325 614152
104361 583481
621781 605255
98379 96980
717058 716488
739679 739718
566673 566025
576964 625155
77630 77379
108074 76317
833601 833653
119121 104156
106282 103316
96862 96799
610527 609191
614217 613944
758597 762353
632231 619033
565421 565787
115552 104417
622862 621950
568992 582823
577808 578884
577358 577736
623688 624136
612444 612459
604024 603920
582716 582973
100767 102665
116240 735608
737650 714276
618730 621955
613944 613541
603920 603770
613548 613944
627895 599348
89021 88861
85378 76125
82084 115633
624258 625315
595041 594740
88861 122908
733963 721614
74596 108109
627343 600552
619432 618080
117864 80460
570159 568795
617678 627823
90753 92933
594445 591334
588255 586464
97599 100852
468604 468859
597426 620292
572746 572066
719453 719022
95226 94340
628563 603345
83590 85233
96980 98422
607576 607878
578229 578795
588919 587388
625375 599158
110980 111106
584714 584136
623613 604345
623220 622751
604632 602409
604092 623613
570212 570651
88650 88767
120772 88059
717389 734710
619044 622373
763143 763088
833601 712051
98422 121125
614786 614109
606575 626758
94104 86240
734156 722993
572768 572920
565421 565243
88948 89804
617858 619398
627987 618467
86882 86830
819933 816916
86217 94104
83744 79661
628160 601534
578208 576816
113800 82469
620543 597426
396779 397363
716800 716548
715509 734989
120803 94104
606802 599348
580356 580603
624865 625427
83744 83796
624875 625065
577522 578635
683834 684209
601093 600889
574145 572963
603522 630886
601353 601330
616245 626227
97631 97610
582137 582149
594828 615629
603671 601603
713257 735511
600411 600887
616138 615855
573196 572858
620839 621046
572087 568998
588887 590289
604529 629603
572453 573566
516017 512034
583273 583931
573060 572884
88680 88767
113458 74596
97457 97610
85683 103835
715968 730263
113695 75380
606679 624529
626696 602579
98379 98624
607920 608102
726071 732641
82084 81828
719729 733625
591289 592480
77497 77569
1014602 1014888
111182 111015
601093 600651
84400 83987
85315 85372
571398 571275
628662 601494
605805 606466
122695 82721
572440 573770
607920 607213
572233 572022
585009 584975
576826 576945
578229 578050
568803 571251
628151 601339
586961 589796
612758 612437
89765 81640
114143 85138
74106 74417
76642 76914
614638 613696
85025 84641
628151 602600
592357 565421
119307 92813
77497 77653
98422 95334
592390 580356
111106 110948
626816 607741
773124 767708
579170 578148
105914 106385
107760 107913
597531 597710
97773 94995
506826 506365
572884 572240
625139 623903
610848 608674
583931 581716
72561 76646
723111 722993
96523 99999
625260 624433
95979 97096
109542 109870
114715 116902
583666 581807
298700 298629
620173 620741
607920 607088
606679 624301
616766 615591
89855 89831
629432 629092
584087 583987
111017 111315
624206 624271
90003 81931
594611 631481
113695 107284
602209 602348
738639 730742
88410 96160
113449 107937
98687 98652
709422 712034
122017 94541
714240 732999
624169 624616
629178 631553
722263 721169
616082 624725
82469 82333
106169 106336
92092 91752
97599 97250
578548 578979
15510 11718
577399 577830
728615 734761
84400 84760
581540 581438
106214 101894
738541 723802
113161 88499
578415 578597
587660 587612
589902 587107
298652 298264
621958 614175
94825 95275
572828 571028
631834 603138
570159 570636
599942 603236
74459 83086
621767 618742
621021 618080
620861 618080
601903 601353
626199 624875
572858 572703
714670 714738
595429 613128
76184 76118
897745 903463
570930 572845
606456 606651
585009 584522
724181 735316
565935 583117
92092 92129
610143 615816
468859 468831
721030 722432
835532 836963
572233 572053
617849 618047
85382 75587
92791 119307
619410 601214
90686 92394
587290 590026
96523 97178
572983 573196
574335 573085
612266 608359
98652 98389
610379 609704
96781 94353
378502 378439
570925 572860
572043 570620
613944 613557
107701 81640
106567 106234
897745 898226
578242 572963
115911 122336
588756 590349
599630 598807
796061 791263
713369 713411
614152 614865
572233 572687
84853 84912
626649 602272
73259 73385
622447 614152
567880 608975
82824 82743
608615 607750
120141 83341
583707 583810
717018 717237
88841 89060
566025 566707
618080 619434
629167 607041
722380 721165
738138 116240
570047 568791
578732 578415
116829 117103
75431 113695
79684 79111
604330 603920
626449 629429
121705 82128
570494 570044
572768 573258
629906 628151
79684 79519
679474 681330
624169 624493
740580 741013
102344 102077
628106 618571
600502 599343
106336 103706
591211 571275
721030 714232
600606 627342
615591 613033
615591 616711
82084 88695
94502 94371
587612 585048
573270 573085
602783 600411
103680 103601
620446 620289
113695 75203
595967 603181
603227 595967
610527 609397
576864 576613
106376 106548
626816 607689
572325 570750
120295 121576
90621 90238
105907 115229
578089 578548
14204 13697
614609 626091
611964 602032
737709 714240
622816 631335
741978 746295
612786 615478
731363 724181
631810 628788
568567 569287
624093 606293
85248 85367
567966 609113
614786 622718
579004 578852
97449 97557
104201 104361
113161 95656
91851 120467
591047 570436
116240 728066
602348 630088
587631 587374
627573 603345
613944 614719
569287 568496
578229 579078
608337 608295
725185 724856
722402 714073
84641 84375
202657 203828
601603 601738
569524 569787
610561 624275
610527 609275
94281 94382
596337 596474
725111 725042
624169 625127
723498 738019
723297 731195
611296 624725
612868 611756
601603 599978
122184 73986
573305 572884
599491 600629
572783 570764
90289 90224
721169 722463
573326 578415
95083 94382
732064 715624
587913 587764
576864 576953
611756 626883
106548 106063
605548 605806
91383 118345
499352 499469
599929 600143
587239 587290
106214 103686
575608 568081
613429 614247
850011 846644
575840 576547
627980 608548
571299 570430
576790 623947
722800 723317
598799 598682
624169 625101
577540 572963
579004 578761
572963 573073
116723 81502
74934 75366
570005 570436
611964 595428
587950 571275
619247 618334
13872 13697
464262 457952
106336 106400
609471 608295
83127 74695
718075 725042
93045 93662
97096 97078
567966 610283
620889 621516
120755 98422
619267 601214
588121 571275
590010 587290
716888 716649
729123 727574
624246 624258
566791 567170
574293 572963
608279 608887
589519 589574
626816 608052
726049 722380
728879 728615
86690 124394
421308 420583
97457 96461
583251 583931
119716 79834
110823 112040
620001 619294
591800 571275
619045 622371
591334 591005
607041 600756
97609 120705
594614 594740
622222 621955
123708 112798
74467 73505
94382 113980
109285 110292
959425 944485
114317 79009
75919 108118
606534 606470
717650 717389
723916 730692
96781 97508
744764 744917
578178 576992
108913 108950
614497 626112
897833 897745
107362 116179
582638 583029
604563 602348
83386 83279
110823 110457
109516 109968
574493 578594
605475 605785
614609 614646
506972 506826
104361 104216
619796 607041
715829 716548
626816 609821
75711 85384
586433 589731
570471 570044
582662 583117
621790 605243
582350 593140
628502 600504
586464 586500
631946 606576
591061 591289
615399 616348
583005 565925
599027 627341
581694 583931
742795 741866
575840 623888
116865 116723
716732 737139
713196 713546
601093 600278
730554 739031
599624 600502
730563 720128
87929 88018
84150 83744
752606 762937
621874 618632
615883 611268
565877 583117
590471 590545
577632 578548
730536 737496
613128 604358
612758 615314
618047 619523
577358 576184
680944 679474
738948 712920
588533 586550
713580 714240
324282 324357
615884 624725
624169 624402
628927 599158
597800 597426
602788 600184
80135 80109
628876 597024
98422 99140
576945 624410
96990 98434
116560 84016
89974 81931
578264 592098
624938 624875
732283 717755
92843 92571
626954 614247
724523 724585
106140 106214
733689 715000
608225 626816
595967 603201
760724 760712
600322 626483
723317 727079
609311 623774
106267 103680
567933 567681
619937 619033
587238 586983
620741 620798
89426 117315
108760 107605
612689 612786
730189 714489
573735 572453
98268 98422
105914 106289
744764 744441
80076 117526
576049 575840
583931 584417
78913 82372
115161 113677
121773 80470
624952 624688
570571 569484
77498 77577
623755 623940
111182 110868
600061 601108
734431 723317
622518 614762
102394 103680
118035 117477
347737 348457
583281 583880
622371 622356
630943 594307
106234 589276
79748 79633
85288 85396
567762 610212
627415 600411
92023 92092
568081 567856
600143 599516
622607 622667
576819 579129
720683 733763
570436 572321
567645 609075
729189 729084
75711 76088
751512 755340
624206 610558
732641 726050
572711 570474
85378 75518
104361 104669
573323 573199
80076 117531
572783 574111
112737 116179
83341 83197
739458 739428
591334 594477
589707 589513
621790 618531
567372 566992
595777 596016
591334 582317
575544 623758
572920 572994
618669 618632
568959 570603
507159 506826
99981 96496
716636 715509
76151 75711
582350 582730
570047 568707
622973 623022
600585 599676
98949 97096
90293 85601
568109 623758
582977 583008
722356 722557
209244 208827
88397 115161
621130 618003
1059993 1057850
115835 83054
102275 120614
732641 726053
572665 573757
85312 75711
85683 115521
712991 713001
113949 92092
455591 455457
613466 611964
119191 90289
584491 584136
106234 106398
583191 584136
607254 607219
599877 625976
955505 954947
98340 98422
618097 621130
89705 81640
577989 591425
120624 102077
618124 620889
621767 621928
618080 619455
576964 625237
97449 96744
576465 576350
114234 123512
106571 106214
622267 622291
112469 73304
592967 592918
630098 601353
573089 573112
579170 577871
575840 575498
421409 421373
719458 734990
96240 88540
587731 582759
600585 599748
116884 81819
118705 81819
569287 568691
583005 568270
599348 607237
611079 611268
721078 721946
613340 614609
630695 602497
578241 576998
581436 583666
611268 611107
599897 599465
777393 776919
109235 109192
721030 721088
617858 619148
567206 567372
95844 96664
614876 616955
775931 776259
598134 621790
588847 590289
568081 567784
100264 100545
569318 569098
587408 587572
731832 728503
587238 586418
628511 600504
111461 111064
623022 629253
74514 74918
107604 112821
101894 102574
105084 104653
111096 110859
572746 572200
616215 617268
577852 578229
570047 570404
98652 99162
109765 76735
98191 97828
88861 89026
566445 626324
87833 73871
578241 579137
731031 722043
607920 608007
115775 111303
600502 627962
582500 582738
92791 93097
612251 613456
97290 97609
109647 72561
565956 568420
575979 575840
610527 610377
796061 798903
628464 602403
567985 575701
106336 106101
716711 716513
611876 604440
624276 623758
79022 78879
97457 99370
601214 619789
954947 955269
587408 583161
731882 731847
75737 76002
102570 101894
13970 13697
2482 19324
611268 624582
568855 568998
573770 571962
73323 73304
589731 590061
115662 89831
625322 624875
100696 97610
