719729 717568
569498 569458
599153 600552
630063 604795
717058 717475
610561 624589
626457 600504
298333 299012
13697 14252
565421 565923
629041 620591
468859 473872
575650 567966
83299 74459
573196 571050
605236 618481
106494 589473
104412 117864
90290 89831
727574 729416
571275 588382
98422 95892
610281 624290
91307 88822
94498 94974
624875 577047
608279 610077
572783 569760
582795 587408
107937 108085
573112 572219
806012 804233
717512 717215
582759 568439
572233 573190
82453 73203
74136 82469
630063 618783
610240 624169
624854 624206
758962 762298
622373 627729
598984 600504
102327 106234
796061 799584
592352 582638
111315 108660
590629 589902
738977 730740
620889 619390
751540 758962
617083 623225
587913 585301
610514 567880
601603 628625
629919 596295
97842 98553
596727 597372
733473 715509
100647 97457
90371 90753
735002 715004
627830 629358
599348 607334
571275 570132
605309 613944
731721 724054
606646 607920
588928 589902
96184 113161
106137 101894
742060 741978
113322 104392
591640 591334
123686 103680
105797 585592
584428 585117
851913 852053
608353 608279
583005 565675
84833 83976
106282 103583
576864 577286
98434 96815
713369 714026
717311 718012
713353 713419
97571 97096
468872 469222
73142 82453
115835 89433
618632 630587
599732 600143
597710 597189
612786 615263
73381 117116
113537 76791
587788 582519
116723 81154
582149 592613
599025 600184
713099 714053
760292 742947
591078 565421
89392 84833
99760 115161
578114 624060
86680 86221
589902 588888
622541 614876
112053 111106
576211 572783
565863 565421
572233 570224
570243 572746
617083 622751
110823 110981
601215 619759
583829 583626
120021 73984
99219 96883
571275 587893
94498 95866
614786 613944
81931 90123
123512 108009
625102 624169
575645 610527
78986 78979
566311 565421
618632 622182
570843 570651
74596 120286
955131 959610
611800 611964
618550 630063
565421 583064
585159 587913
82490 82453
83239 74759
76642 77055
116352 94541
582005 581438
79519 79019
613944 621977
603345 602878
603138 604189
78075 112117
833648 712051
724801 725042
625469 624952
735763 727731
590289 587175
93074 120375
731668 736660
90685 103293
113648 76317
599348 608042
601603 603627
717181 716475
576911 593117
108639 111182
615073 614638
75144 75711
578208 578306
1014888 1018114
618080 620337
717389 713703
565323 565449
611165 610527
97457 97353
98199 98422
572703 570237
93685 119307
90621 103225
624830 624206
94382 95634
91714 96240
622373 619016
599491 627355
612786 615490
598631 600504
97457 100909
590545 590399
600504 595632
614786 627113
90201 90753
123335 118284
110356 111315
720722 737551
624710 624258
585582 105206
90600 103293
97457 99024
583369 583666
591002 625669
600552 599617
104811 105478
624410 624082
623613 611390
99413 96781
607920 629271
607340 599348
89831 89771
609202 624169
582823 572046
581163 580835
602982 601603
97230 96521
737551 737472
565421 584131
74295 74443
573196 577686
74417 116130
600504 600880
715905 735002
124394 95844
90289 90833
568803 571620
96477 100005
75388 107937
581737 583666
113161 96183
115452 104652
599802 631865
83289 74695
565421 566344
107818 74596
88421 95733
85233 85568
624169 625447
116543 73381
583365 118472
73177 82453
622667 616568
84833 84023
723317 734027
97457 95298
122614 79798
119893 117122
610187 609881
97195 96240
74295 108862
113605 110823
583931 118469
119235 104361
570925 571024
116240 727476
585887 584136
617280 596124
101894 102268
599402 599348
719043 715509
74525 107760
117858 80456
77048 76606
728863 736660
105062 104652
572746 574135
628558 603345
610281 624251
614808 616826
102218 120615
73984 74130
612758 612073
721078 722473
619417 618080
609449 598799
955131 955553
576629 578208
626380 598797
624437 610561
618080 620249
83093 85315
113695 75265
110823 111562
76317 120985
601021 600504
722937 738353
576375 578208
112739 112962
620185 597818
791250 796061
94995 94471
608279 608416
90621 103107
619354 617946
612083 612547
74759 83190
84833 119743
602613 600143
96978 95982
578438 578208
570651 569274
628151 601134
624952 611093
622373 622945
611964 611495
573638 570651
101894 120635
85683 583497
88410 97169
608419 607953
725042 732290
92791 90465
602612 603345
600226 600552
569718 572233
569458 570925
112990 120928
608295 606706
565831 583005
100817 96523
717389 716731
89301 89572
728789 734569
112128 111936
571815 571275
581438 584113
111182 108514
610527 610793
746425 751802
572783 570436
94995 95446
722402 722835
607920 606073
589574 592947
420241 419908
95555 98652
819933 817309
421363 421373
725830 721078
13697 11665
90621 115614
73894 73158
617694 617552
630480 594420
613988 621767
92843 103289
102584 101590
96781 95587
729792 729189
116240 112992
578178 577399
121988 736660
82313 74425
587408 565682
111123 111461
95592 94498
603522 630519
93997 103564
587913 586410
73158 74344
565530 587408
98891 98379
722323 738664
578000 578415
84400 87253
897875 897745
84829 85107
730762 721403
603223 604124
90641 90289
720683 726361
572064 569287
715226 715509
110823 111735
570047 570678
897745 898297
104985 93176
602008 601603
610561 624518
581870 582005
98240 98422
110492 109765
581438 581775
610280 567863
94498 94353
568637 570047
570651 568906
565074 583005
113184 112798
600852 607920
586751 586930
600504 627387
573196 570889
114381 73158
116723 119328
576564 624410
97457 96612
612083 613168
584136 581596
599582 600143
98422 97923
96978 97083
113161 91888
598945 600552
587788 585222
589902 586854
712949 721078
600585 629505
741866 743081
582582 565178
828769 806012
89572 90517
583666 581963
715509 732205
597024 599999
722402 731045
111936 111032
585009 584527
607512 623613
85233 75462
82084 115742
592306 582149
89475 89056
75640 74596
113714 74596
620001 619299
607920 606470
104361 583383
572746 570510
588015 571275
455261 455715
624394 610561
107762 74465
82453 83237
120316 93997
98452 99261
610561 609039
603150 601603
599158 600551
615399 616297
597426 620931
122336 117113
726329 721030
721351 712991
73474 73381
732792 116240
94995 97801
625039 624875
573196 577507
729189 729497
602403 596285
584494 583365
618895 618571
617946 596919
565421 591442
955949 955131
610045 608195
104482 90621
573767 573112
625959 600552
576646 578208
589142 106234
578464 578208
120375 93580
111641 112015
86426 86221
120375 93691
107656 107937
614630 626112
80963 115835
590545 587336
589278 106214
99277 98652
83727 114928
90841 103293
601093 602819
609193 568081
94630 77427
113695 75597
121520 76317
602497 604672
609927 610168
610281 567695
97457 97320
99219 96722
589574 589103
626492 600504
117800 79019
624169 610636
83744 117401
100845 97457
103293 90601
596290 630841
116240 727460
611247 624725
615399 626101
624875 611363
760225 739733
589098 589574
586961 589917
579129 578010
600585 600980
600990 599491
608659 626816
598486 597024
90888 92843
569446 570436
715509 736966
624952 624431
618022 617946
120578 106214
119799 82453
573563 570651
79019 117765
75039 85378
606575 631630
626816 607993
796061 794047
600585 599400
737487 737365
620001 629805
95785 96781
90621 90498
571275 570439
624875 625219
599474 628151
109765 111971
599348 607678
83727 84154
566482 566209
582638 582798
76178 85378
98033 113203
604124 603138
589736 589273
587458 587913
607850 609927
625345 624169
95693 96781
621767 622205
630063 630779
741866 742587
13317 13697
609614 610561
567966 609649
624206 609343
602052 629203
576911 592595
796061 794028
590289 586382
105242 93662
576964 578196
605255 630265
352068 348457
607920 606732
624060 576353
622314 621767
627245 591289
92350 89580
713746 717389
606679 624880
208918 209089
597024 630634
76317 76643
738140 736660
90271 80452
121225 109870
628151 630751
723280 722797
120375 93083
832781 832856
615938 616271
596295 629654
76556 86221
571275 568845
602497 630736
624215 624952
572565 573770
113717 107937
586700 589731
619190 613944
587788 588405
730742 737610
96240 95619
629383 598945
89726 116723
579129 576670
109959 111106
96389 100005
577830 578531
75620 107937
612922 613500
110959 111495
584203 581980
573316 572746
712939 715432
102469 106234
85065 84912
85378 86244
619450 621130
735002 715458
596437 617946
719729 719126
717304 717436
87963 96240
88059 88199
82037 81323
74459 74175
92402 90753
721819 723085
581980 581684
103680 106260
91950 113161
84400 85052
591377 571275
734927 720286
724181 734367
76060 85315
591298 565421
469222 468902
721147 721078
613845 621790
111779 110823
746569 746594
618708 605236
96978 98467
578208 577699
568425 587408
612515 612083
98652 95449
567966 575794
610663 611268
721853 724181
720683 737198
600143 602849
111106 110918
721030 726415
120133 85378
83727 82731
586751 587092
570198 572233
591759 587788
617946 621537
628151 600320
738977 714720
602052 628443
83228 74459
713669 713369
722716 730721
573112 572525
588020 571275
589142 589574
83744 82879
570651 569214
115590 104233
106133 106234
566019 568490
602659 603522
607206 599348
84912 84401
567880 609411
723183 722536
610795 615855
624824 611268
101586 102077
101894 589316
85315 75034
585592 105935
717393 719729
93265 90753
621130 629042
106399 101894
100789 97447
625236 623758
577132 578178
565421 582931
735428 724181
570651 576242
595967 604068
728786 728826
90289 85690
600184 598169
106336 592890
581795 583626
571275 588524
84208 84655
620232 620889
606679 610301
606043 632329
733274 734927
955131 955856
566580 565421
81914 89831
742947 751471
113579 109235
587408 568410
623613 627476
599491 602869
567966 575453
722557 722455
106234 101776
722650 726871
714096 713369
614609 605276
80298 112798
568081 623975
609383 624206
121886 120375
741882 741978
106234 102977
570651 569352
714861 735763
721030 738973
77317 109765
85489 112556
624169 610473
758962 763723
122109 101894
629694 598799
631053 600411
115678 90621
573585 572233
738977 722429
622325 623022
111106 109949
573697 572783
618467 604921
104481 92791
111315 111416
612758 612872
609853 611268
600777 599348
736434 721403
602343 604529
821500 819933
108404 109284
85378 113815
506826 508176
112490 73304
631141 606095
624378 576864
609927 611214
98652 95574
607920 606523
588534 571713
115066 115835
116240 108695
629390 599491
731118 738353
608295 608419
631476 594740
84007 84833
577212 572746
709436 712051
75430 85315
98703 94995
712939 715433
106214 589322
730721 719241
727859 728826
606390 608279
75711 85328
107914 76317
111182 110179
617946 620980
110753 111106
623745 610281
599385 600504
595902 597024
591583 581870
628607 601494
630756 604529
622373 618667
628746 598405
111609 110823
614245 612083
716918 715509
573770 571518
623989 624258
729908 729735
628002 611268
722993 723620
600397 628151
717389 719909
721586 724181
73437 73381
618840 618632
615399 615542
630063 628254
731405 724181
725716 721078
624875 624610
93277 93997
609927 610736
122079 102114
604781 626649
731828 735511
624875 624090
588437 587788
614609 613851
566165 566463
95460 98652
626441 629092
627933 607953
624206 623879
602819 601598
581086 582638
298604 299012
589731 587179
218423 218910
111461 109884
85315 74975
96029 96781
610561 611091
120280 74596
93650 92791
620001 625967
567966 575624
120992 76317
631576 594420
600502 627339
98991 99219
620353 617946
80190 82084
111106 108553
733689 718300
80209 124068
681037 679474
575840 608569
715509 716909
105914 589443
594529 591334
95722 94310
94574 98422
570651 571228
455458 455261
113551 108404
90556 82084
607920 607186
573112 571236
87923 90591
568827 570651
608279 609947
617280 596153
589273 105872
625385 624060
565163 594517
728908 738279
584438 583931
582924 565421
569896 575840
578264 573699
107499 116240
573196 578583
82453 74119
623807 567966
621955 613827
614237 612786
623753 567985
74295 73130
104741 90753
722536 722857
568420 565879
612054 614247
738952 730263
620548 597476
108309 76750
600504 599600
570436 587908
78957 82453
84517 83744
736683 728826
623613 607502
713702 725042
97457 96068
611823 613435
715509 715458
599821 601603
609927 610862
81554 81036
578229 577793
587788 588309
95736 96240
581438 584019
88037 75711
589731 589282
742947 751697
724302 724181
589897 590545
83744 84511
714276 713197
110163 110959
721030 725985
735002 730482
80956 115835
610561 575941
736968 715509
73158 112486
724054 727869
123728 117864
106234 103561
599491 602481
567966 608910
624206 577067
630063 594273
719531 715509
89599 92350
89096 89775
586293 586707
112077 111461
599897 600585
122138 90289
724757 729128
94995 76951
570159 569221
738347 721880
630698 594740
610779 626816
609927 608236
608279 606854
89101 115835
93743 92791
620716 620779
591334 582594
720683 735138
609066 610561
610561 610486
577770 578208
751805 747433
610262 606679
88614 113161
607246 608279
626449 628151
119784 82453
103137 104361
506826 508171
590289 586519
627494 623613
602052 602430
93101 104811
114707 89831
628746 602579
606679 610539
714276 714166
579129 576777
631155 600504
612110 613456
577218 572746
600411 599771
102128 101894
619164 620001
109765 112783
570815 572746
627093 611823
577440 572783
95899 97096
106494 589679
861852 856425
110053 111182
83258 82453
604841 602348
737487 730533
598226 597024
86739 88018
728826 732809
576383 575840
620478 598051
585183 587612
622667 614120
298669 304268
94541 107002
630426 631843
791204 796061
597426 628416
613341 614152
571275 587942
600930 603016
106074 103680
578229 577313
84904 84833
102584 103600
597024 626551
729480 729908
581980 588242
603522 602745
578229 576751
607920 606358
598799 599615
717495 715509
91209 92092
745833 745890
737636 714276
621955 614137
506826 508209
758962 762160
589267 106548
81640 114213
620001 619482
624169 609275
617678 617968
716513 715509
735573 728826
420113 419908
595130 595172
567966 609108
90753 103244
842913 851971
