621955 615034
576627 572746
587408 582667
76065 74596
602357 601353
101351 120375
726766 721078
81583 117864
624169 615859
722176 723085
583005 566679
570651 568320
759775 741866
97096 96121
611823 600475
608279 629158
589731 589401
604007 597024
110823 111284
74144 113695
581870 580764
109282 110823
111966 110959
573037 571275
73158 75057
572746 569562
76317 76814
94780 86221
85233 85680
723085 727357
612083 598324
101894 93843
565421 591557
583666 584314
574493 576249
737614 734927
569294 572746
92095 96523
82339 83744
102324 106548
85123 86221
612249 612786
82084 104298
90621 114491
99041 98652
601353 604155
109765 97817
620001 620991
731504 725042
719453 717869
573112 569814
572233 577504
747406 741978
116240 734618
81363 90621
76746 110823
86221 94177
80189 90621
111106 77185
364614 372526
74301 74596
601997 611823
624169 624794
572746 568827
573112 570200
114258 115100
718845 715509
111410 111182
609704 567966
623613 607349
899719 897745
586751 586505
576911 580575
586347 589902
720683 725885
629287 599348
630063 632292
745058 760270
582336 582149
602348 629725
82453 73994
565421 567158
613944 615076
73829 73158
566965 565421
721078 738708
595173 623022
569531 572746
91655 113161
84833 112633
92791 120429
612758 604362
113695 86979
74759 83583
92791 105328
631955 608279
116829 106804
106548 102405
569273 572783
800253 796061
106234 102260
955131 959382
608279 610463
94498 94039
742787 741866
572746 591846
577518 572233
572746 571307
733425 715509
94202 85378
586751 589478
614010 621955
77225 110823
742043 746473
618640 613944
78901 79019
594626 594420
96523 99746
104582 583666
92667 92791
721610 723099
581256 581870
796061 799784
568382 572233
86836 113161
614609 616442
116354 113695
572037 573112
582364 583005
209718 207074
721030 726670
716404 715509
602690 611823
617946 617655
611268 608312
621123 617678
99182 96781
101928 106234
104396 89831
571491 573112
568387 570925
73381 120156
74880 73158
74596 76140
95761 97457
565888 587408
90621 89565
609927 606953
738353 727120
613944 622639
620001 618304
92377 82084
113973 94498
605955 600504
94388 113161
601353 630856
98422 77352
628746 627867
627177 605255
93898 106234
113695 114137
122199 74596
737551 736349
74295 75207
578669 572746
608969 575840
618010 617552
109765 113501
92866 82084
98652 94986
79877 89475
591334 582546
114258 113863
567966 569999
115835 115071
595054 594420
590545 586509
93325 90753
101894 93947
572746 578297
619917 617678
592184 104652
728224 736660
109765 112419
622169 623022
626585 611823
591691 591334
86221 95094
571275 570968
97048 96240
118284 123107
567990 624206
615399 610145
84833 84351
97457 88519
115835 81638
74295 72943
98652 96750
120766 85378
586764 590545
77349 76317
570925 593057
576000 573112
82453 74021
618309 617678
624547 610561
115071 84833
600504 628954
580452 581870
118046 84833
602778 623613
569089 567060
87637 96523
591334 566750
721030 735138
570239 572963
90753 90429
601353 601623
567038 565421
622564 613944
590425 588534
954947 954053
624169 575594
732884 731847
576864 577456
578118 573112
601353 600017
610302 611268
578778 573112
601573 603522
624206 575576
86221 77018
94498 86259
74459 122664
118739 117864
730721 722363
600504 627547
612920 612758
724181 736081
573530 572746
97457 95237
95613 94498
617552 618909
619673 620889
796666 796061
624078 610561
94665 86221
607920 600578
781746 784960
573112 576381
102196 101894
591214 570651
83585 85378
569747 573112
622424 613944
572746 578677
577994 572746
759769 746569
100444 120375
82453 74302
581914 576911
607920 607357
110959 111954
85378 82491
567966 624261
106432 105914
116648 82084
98408 97457
624169 567918
629306 600504
610527 610875
578208 578623
565421 582591
94352 86221
610077 615399
572975 578229
570925 568573
113705 85378
102708 96523
111841 76317
93924 105914
121229 111106
722402 725960
583660 583666
115835 119427
617552 617308
113695 113644
89775 88863
82453 74687
85373 82453
629147 608279
624952 577024
733598 730721
90289 123452
82453 83403
85315 94388
608279 607882
1015073 1014888
111194 110823
77095 94498
623220 621955
74596 75057
621074 620767
609846 624725
721078 732421
571275 573872
590545 589588
90753 93863
80135 80905
571864 571275
624725 610175
572233 576026
616540 613944
84833 122686
573112 570447
122754 82453
576435 567966
372526 339317
88285 74596
602497 617616
620318 617678
594375 596543
609665 567985
594427 566445
97457 94497
630063 618820
735002 730273
601353 604543
73381 98667
110823 77548
570925 578470
90753 81887
86221 94810
618770 623022
897745 899650
89475 122948
611130 610561
94803 86221
83533 85233
610045 609258
570436 573544
111032 729908
569314 587408
74785 73158
627454 611823
602348 601802
572746 574516
566445 567378
85315 122794
584136 104641
116858 90753
111182 109577
794178 796061
730721 730838
567929 624169
81443 117864
572461 573112
106548 589734
603209 602348
728826 731885
722006 721030
109780 76317
796061 800180
73158 107178
719729 716062
106234 591863
83073 85378
88410 96989
98652 97101
74073 82453
612083 615206
578524 573112
611823 603665
82445 85378
73158 74874
82084 89873
85378 75232
120843 113695
567880 623849
565421 591663
746473 713630
600143 603329
96039 94498
623613 627413
572079 587788
96927 98652
599997 600504
621130 597756
578343 573770
821826 819933
82453 75638
82453 116204
90753 81889
94112 85315
76317 107825
95160 97096
600585 605907
731847 724006
625294 601353
104361 90058
715509 739158
591334 582743
75612 85315
107937 106708
74596 76072
599348 606376
612083 611842
722220 738353
713369 714244
631843 603058
603480 611823
115502 90753
571258 572746
602196 601353
73158 73381
78018 78075
608279 610155
628151 599731
570925 575972
571275 585325
85378 122205
611823 614238
72822 98652
571275 574063
571266 572746
611823 603135
618842 630063
623613 612038
566914 565421
122134 90621
620001 619761
589731 588763
572233 588448
608279 606862
92791 103137
119794 79019
578659 572746
571744 573112
90580 89775
86765 113161
328458 324647
105914 102359
570037 572746
624169 608992
82084 115324
594420 592477
74381 85315
569932 572746
94133 98553
92791 103135
567966 610776
77463 98652
618766 629358
577100 578208
610561 577929
569960 572746
74571 74459
101719 92791
83904 115835
630818 621790
74596 74805
618571 623412
120375 101230
623613 602626
81640 81823
567966 566494
632002 630063
116012 116125
85233 86196
95212 97457
622537 618571
89465 92791
572233 568529
626650 601353
612083 615160
607497 611823
762937 764048
106215 102584
113330 82084
117864 115970
723527 728826
86221 95005
571275 588788
725581 721078
108404 110929
90110 92791
84281 84400
106234 93863
601353 601390
101726 92791
84400 117372
572783 573531
120375 92938
624206 579039
630549 594420
578125 572783
608521 599348
577873 610561
98609 97457
154528 149437
722246 730721
576257 572233
625868 621955
597024 600121
576322 572233
623613 594799
736660 122220
106548 122088
623022 615001
726777 721030
629008 599348
567841 624206
567576 610561
116240 714202
573112 578504
624258 575717
94498 87898
725431 721078
602348 630219
612967 611964
613508 612758
618080 617542
92449 120375
74900 82453
577525 570925
727339 721078
122081 106548
607767 609927
617946 620600
103408 90621
97457 99720
577851 624206
624169 610169
85879 87201
73557 74295
86221 95014
86221 116110
116723 116703
623848 567880
92791 103056
91770 113161
570222 573112
723085 722732
570925 574276
93380 90621
90753 82002
572581 571275
721078 720737
94492 86221
628641 600504
624169 611272
601353 601524
82453 79117
588655 586751
576377 573112
86245 76317
631335 621997
624169 616029
569874 573112
566445 605391
608279 607398
616011 612758
621767 618972
734417 721078
75366 113907
83252 74596
86221 94655
113209 123057
600790 607920
93115 73158
97457 100202
92446 89475
82453 75509
569389 572746
603171 611964
746701 713369
572783 591090
796061 790922
720358 721078
735738 721030
572746 577693
583666 584605
75881 86221
90621 92586
109765 77405
603389 613177
600504 599832
607920 630259
573112 576415
629706 600504
82569 73158
116761 90753
103293 117037
106548 589576
111762 111106
721383 722993
96469 96240
585009 587779
74596 73098
589902 588544
620386 617678
581870 591804
573700 571275
93793 120375
73871 118854
609927 615828
600552 601118
618411 613944
728826 714105
106548 102426
567880 623911
84912 84135
73381 107403
610571 624952
590545 588868
74402 85378
724181 736072
106548 102656
609346 611268
73158 82621
721030 726847
109250 110823
121773 78530
92791 93956
572713 587913
612758 615823
618212 618571
110823 77976
566445 565801
101328 106234
609927 598560
621790 631324
572746 569893
82084 104320
604185 601603
617684 617678
573381 573112
110772 109765
594420 632333
98652 98097
601353 630611
85378 76286
111088 108404
86221 76165
566934 583005
570436 587649
614254 611823
100168 97457
610727 567966
299012 298638
623022 623165
590289 571519
623014 621955
611274 612758
578473 572783
77061 86221
591334 582784
97457 94305
589731 106542
101894 589328
101894 591887
607920 600582
74459 85320
722880 738353
724297 724181
611180 608279
571275 569246
74724 73158
106548 101624
589731 590339
75066 74295
588513 586751
90621 93755
613944 622783
603391 611823
84915 90946
728826 728705
730814 730721
77460 98652
570078 571275
617678 596615
611823 601165
621481 620001
568529 583005
74596 73691
89559 115835
612758 616608
508747 506826
101685 92791
614729 618632
120375 92841
122823 84912
623022 614830
724181 736611
568081 624460
75163 82453
623613 628542
99682 96523
107512 94541
111106 122522
576839 570925
75482 74459
603452 601603
573112 572125
74695 85412
572783 569138
106548 120598
586456 589731
566328 565421
119169 116723
612083 604312
93142 74295
94995 113979
102590 106548
621130 596901
92623 90621
624206 624018
599491 601418
715099 719729
618632 618853
119298 89475
719850 715509
601603 603411
83313 85315
622398 623022
578208 576057
573196 577763
589731 588850
603522 601134
119175 92791
98553 96623
576911 580646
617946 629048
107640 76317
712991 722826
589186 586751
626816 611171
73158 74471
630855 601353
110738 111182
83544 112798
618363 617678
594420 631530
83159 74459
567966 624033
618632 627848
119102 82084
85378 94818
83201 74295
573920 573112
611823 611768
715795 735002
611198 567966
595711 608279
578208 625198
106234 114924
573770 568891
721078 725399
624952 624007
73381 113424
607920 567595
601353 602351
576510 572783
100025 96240
587408 591013
76576 94498
573112 568992
74787 85315
572269 571275
576090 572783
742947 758935
109451 109765
578208 576279
597024 628689
624169 625540
106548 101847
85378 94775
82453 120151
624169 609876
74453 73158
89572 90809
612083 614544
101237 120375
586751 588832
587408 566633
101894 103439
89475 81464
586392 571275
571275 573081
122140 90753
94469 86221
587408 566882
604509 601353
617934 597426
83217 85315
73158 107185
612083 614328
714276 746732
611268 621540
610561 611052
571778 570651
626649 603176
720683 721623
106038 101894
591340 565421
107681 107937
591334 566303
721030 725229
568578 571275
114656 116723
115977 113695
97457 72862
117984 115835
573112 572047
576189 567966
105006 92791
106128 589574
86221 85648
95886 94498
623051 620001
626550 601353
583666 584256
624169 624732
601508 602348
603522 626569
107896 85315
572746 567402
98458 94995
89831 92866
83744 88713
73381 74055
92887 82084
106234 586723
601353 604198
77435 110823
76143 113695
118701 90753
624169 576750
98414 94995
98652 95300
587408 569235
627976 607920
715509 737253
111286 110823
721078 725488
612758 613483
98652 77453
734786 730554
583452 583666
611127 608279
600400 601494
115152 81337
110823 113590
573412 587913
94597 98652
457157 455261
611286 610561
597024 598437
627625 623613
591334 592331
572783 568950
74347 74596
724137 728826
620001 617866
116864 90289
716154 735002
624169 611328
570925 577396
90753 93392
760362 714276
79019 79515
567880 576337
853457 853465
627180 613944
73818 82453
623119 619999
82084 119320
589731 589159
76317 75141
74295 74760
573279 572233
582149 593432
612758 612823
611823 607490
117146 117864
121609 117858
85855 85315
97457 100727
83435 79019
610561 567497
570047 569769
600504 601076
603749 628151
88783 84833
572233 591025
597754 620889
583666 584297
617109 613944
628151 600819
571622 573112
85233 82453
578270 572233
571021 573770
714276 713819
571275 573505
623022 627061
624979 610561
605236 622531
111106 76815
85378 76932
93412 90753
98422 94801
713369 714245
94498 86684
602348 603265
721030 726796
570925 573069
608279 606351
618632 626998
85378 75339
603138 602547
610561 575546
118877 119569
571275 572530
726457 721078
97457 96272
587295 587788
101537 103680
79019 82995
112679 117858
569226 572783
573112 569743
612758 611782
83746 84833
612112 611823
75052 113695
74507 74459
89775 81251
570925 576140
613944 622180
617946 597559
614735 621790
725626 724054
96978 97438
751565 751802
721030 730753
73158 73381
583666 583727
601353 604601
565881 583005
74759 74055
784960 786066
628217 603522
104231 90753
628597 600504
601002 611823
585361 571275
719729 716017
73871 80745
736660 116242
572746 571272
92791 93948
624169 629234
92659 90621
82453 83388
569069 570925
569558 572783
615917 612786
90621 103516
624169 611054
583008 592244
570436 569339
506826 509319
567880 575874
116302 118276
623611 603522
601353 631867
611823 602875
75711 122283
110823 77399
82453 75013
104868 90753
92937 82084
734842 738353
110823 77036
94240 96978
610777 612758
103293 92347
115835 119715
76701 76317
593128 582149
587913 569442
74459 75527
616641 605236
625050 610561
591334 565636
104288 90753
612083 615645
624206 567839
123634 106548
