567880 578793
79019 83229
111106 108226
625328 572783
76317 73134
623022 605299
724004 723085
82090 120375
718030 715509
573112 569907
82453 85573
628970 594420
573112 571853
611823 600505
590523 572746
96448 98652
76317 110721
72643 75711
81562 115835
728826 723844
598201 602348
611823 608085
91305 90753
594885 565421
721078 725018
620001 620926
77139 76317
75318 82453
853457 852981
566538 624169
629276 567966
629662 594420
86221 83559
731303 728826
905599 897745
613944 615799
588243 591334
604404 612758
614568 612083
567966 575950
602679 596290
76317 735609
585290 589731
609367 572783
115184 79019
734118 721078
605849 609927
109410 76317
98124 76317
583465 90753
572233 565760
120375 105227
573112 588114
90804 106234
589731 585359
587408 571173
619263 623022
86221 96114
567966 594773
566104 572746
608279 567756
719947 715509
603248 612083
600789 611823
578292 567966
72962 113695
612645 624169
594375 595557
600760 623613
610496 612758
583666 90204
603376 601353
101894 92801
115835 114615
76317 107085
624206 576332
110823 729769
715509 719273
612083 604983
575513 611268
605676 608279
607920 604278
76799 78075
107210 86221
583519 92791
611823 616790
715509 725203
85378 74090
84758 79019
589869 571275
76317 111876
623613 600726
617419 617946
736660 731536
76950 110823
613944 618340
725249 721030
715509 714528
603901 612758
84695 82453
613524 613944
725042 715141
614300 612083
738353 731595
612083 601110
579724 578208
589731 571709
91343 82084
86221 113534
613405 623022
720683 719493
573112 575654
94498 91950
110823 107902
588951 589731
76317 75774
567966 566733
725486 721078
595057 591334
117864 112455
110949 728826
113695 86221
589731 585055
86221 76993
73609 82453
120375 106226
106234 119301
108560 736660
609881 607920
627331 608279
82453 76289
721574 728826
578560 567966
573112 578691
576494 573112
725238 715509
601353 627482
568604 570925
624206 632396
92791 102616
602829 612083
107218 85378
92791 583272
98652 77649
624206 608015
111106 78088
567074 591334
608279 600220
591334 566921
571275 584792
615276 611964
623613 607147
741866 749248
567966 577646
738868 723085
601102 623613
729988 736660
82453 82777
74223 86221
77472 76317
715509 725282
728826 729991
85233 77117
626784 611823
86221 78941
110823 98328
106548 120685
594375 596965
728826 110848
623613 616539
565076 572746
90621 91361
602348 602858
720683 732383
728826 724400
583005 570096
77412 76317
90621 105284
85378 114376
372526 339532
588928 573112
720683 717491
619110 618632
614651 611823
111106 77891
630458 601353
86221 75245
84833 79171
616835 611823
623613 598159
88453 86221
76317 107083
621955 617376
577691 571275
581387 592045
90469 101894
97169 86221
115835 82604
111106 77577
587050 106548
111541 76317
723921 736660
603495 612786
114263 736660
92750 101894
105914 105252
103948 121773
107554 86221
583813 576911
590348 571275
566040 591334
603522 602301
608007 623613
625674 587408
76317 111575
613944 602416
74295 83916
101894 92735
623613 626505
594368 591334
601353 599703
587408 581322
606110 567966
729858 111106
625007 612758
90753 92667
604666 601353
736681 111182
608279 624929
608279 624534
573112 625168
723618 724181
721164 738353
571275 568502
87466 86221
567880 608532
621598 611823
733859 719729
113695 121972
608405 624169
115835 79105
578142 573112
108058 82453
717990 715509
601353 612179
113695 119988
600504 603457
580868 565421
90753 88901
722846 721030
572233 567254
721078 738033
113483 82453
117345 73158
76309 85233
729014 728826
567966 608311
612758 617000
578208 605632
736660 729513
565806 570925
589781 101894
86221 121019
573078 571275
715214 715509
611823 600614
84833 72680
109765 108266
571275 584776
611823 617033
82453 108140
612102 603522
601353 603981
106548 102023
90621 102445
624481 572783
90753 81700
621955 619339
567037 570925
759742 741866
76317 109238
79543 117858
576039 610561
84400 84602
84833 84724
79714 82453
86221 74935
111106 728933
94410 76317
570925 606295
98652 94138
627850 620001
623022 614083
741866 759586
738714 715509
715509 725544
726812 721078
108543 728826
606826 623613
718047 721078
613944 618284
570925 567905
116240 109616
599491 627514
954947 959747
84565 74459
731924 715509
569130 573112
74343 73381
601353 598467
116240 76328
107811 73158
76317 75568
86221 98012
739040 715509
587741 589731
95681 73381
721385 738353
604216 602348
470860 468859
605971 609927
101894 93369
594420 565773
613944 602448
84571 82453
578566 571275
85378 76971
86221 123921
94702 85315
603070 602348
74883 79019
82453 72938
571275 577797
91383 120375
603964 601353
113161 113958
584136 90286
120375 105758
613400 630063
736660 120260
110861 728826
613944 622365
730061 110823
610561 577412
82453 73373
86221 120906
729362 111106
623613 599780
120295 82453
597525 617552
85561 86221
123568 82453
613944 629594
75711 78126
98997 86221
600504 608163
86544 86221
621955 618298
623613 599628
101616 589731
571275 567379
729811 736660
627667 617678
613767 602497
98652 97615
579426 573112
92791 80948
736660 727612
120375 99925
717775 721030
630386 623613
572783 587059
82453 76928
571275 586747
713995 728826
623613 628651
589731 571564
76317 76017
578498 567966
609927 625337
605236 623324
719323 721078
614429 611823
110823 108394
76593 82453
602348 601611
94505 76317
96416 86221
607747 623613
728313 736660
571275 590003
86221 87306
86221 88369
602422 613944
601353 600924
591439 567966
98625 109765
617678 602497
589406 586751
617678 618475
101894 100427
90621 581726
589731 588171
82453 73987
568001 570925
76317 120232
572233 565811
89002 103293
90754 101894
720145 721030
785618 784960
724825 721078
572036 583005
611823 627374
612083 593866
608279 610228
90621 102541
98604 76317
120151 85378
85233 82714
598824 599348
86221 76970
82453 86152
573112 568820
85315 97858
581175 583005
86221 82576
579171 573112
584664 571275
97768 110823
740419 741866
566971 571275
113161 95454
90621 114889
87647 75711
573112 588575
608279 624735
110823 728986
573112 590660
110823 729302
737119 715509
722251 738353
589731 588062
589731 588436
570925 623669
565421 570296
723884 728826
116240 731548
103178 92791
76835 94498
728826 736571
86221 77656
736660 731520
720079 721078
604902 601353
725173 721078
75711 120096
90753 81227
82084 80717
571275 566644
627324 608279
573112 567444
120978 86221
581387 565085
115835 83701
90621 101211
121143 111106
599516 601353
86221 74830
101894 589856
567190 565421
728826 728048
119192 101894
610561 606138
739205 715509
583666 104443
73158 82979
75663 82453
626450 601353
103372 101894
601603 607554
587408 572308
599711 611823
102522 120375
111106 728371
613944 619068
86221 96109
567966 577208
620063 605236
607301 611823
102114 93593
90753 103970
75133 86221
607774 612083
573112 578213
619708 621955
608279 610662
84833 79185
110823 97760
570925 578568
741978 751378
611823 616666
97658 98652
605496 609927
623613 608012
90753 114795
590530 573112
612083 603949
81558 92791
90621 101195
616745 613944
110823 108884
601353 604566
111878 86221
624556 607920
612758 617271
83775 73158
613710 623022
570925 620152
617552 629523
90719 120375
571275 589866
605946 612083
100511 120375
732572 715509
116240 736815
614340 611823
608311 623613
715509 737019
582149 582869
93614 82084
117140 82453
109765 96690
623613 630651
592434 92791
113695 82848
572233 585235
588353 589731
97801 86221
98652 95630
107433 736660
102535 90621
728685 736660
746284 714276
717940 715509
728601 728826
116030 86221
84833 118075
119273 115835
82453 86857
89547 84833
122763 86221
110823 76385
625590 591334
75346 82453
608400 611823
601111 601353
632057 611823
87200 86221
101894 589555
718236 715509
715509 714901
85315 83004
725397 721030
113695 73765
116240 736708
572746 578232
715509 725409
73987 85378
120234 76317
106341 586751
601353 631077
101894 92709
90753 583479
86221 113873
721078 738075
728826 738146
715509 717093
623613 606767
624917 567966
728826 738777
83754 82453
604791 601353
90753 101734
602348 601626
612083 616643
584444 90621
86221 83602
74133 86221
117979 84833
602175 613944
600717 608279
598576 608279
93231 106548
120375 89683
98451 109765
616578 623613
567880 570925
600623 608279
568493 571275
628582 603522
73158 107651
623613 607212
719274 715509
111963 76317
602348 628583
582418 583008
95908 85378
92791 583354
76317 110150
725621 721030
82453 86133
79019 75484
727950 736660
86221 123505
581387 567439
107040 85315
624341 572746
608279 624806
601353 628303
612758 616423
108393 111106
86221 107235
121856 85378
723939 728826
567966 609555
85589 76317
570800 587408
73381 107811
76317 75779
721030 723460
571275 574467
721078 733281
611047 567966
578989 624169
736660 729849
566445 565897
86221 87684
83485 86221
570925 588154
100812 98652
86221 77041
89707 86221
741866 741943
76317 86478
102318 589731
621955 617028
75190 86221
623613 614396
86493 86221
567966 608275
86221 77073
94498 99477
587408 570392
728962 110823
572746 566570
600504 603223
117475 82453
612416 594828
86221 112816
724916 721078
90621 122108
721078 717774
101894 93016
78966 75366
722239 738353
572233 575685
623613 630164
612758 610391
76317 110249
631030 601353
722079 730721
85474 113161
738353 734063
741978 747221
583129 582149
572783 566180
624539 567966
612758 613124
76317 75739
587722 573112
732484 721078
736660 729516
577404 571275
731847 727544
101894 93382
612083 617028
100090 98652
101894 103393
601353 600654
728826 724678
84833 86948
90075 120375
114022 92791
591334 565985
576744 573112
728826 731362
84551 84833
587505 570925
81488 117864
623613 600461
573112 568913
115775 107712
721030 727217
90753 82253
738353 724406
603872 601353
684209 670941
624550 567966
727074 721078
84729 84400
82453 75131
577487 624169
722970 721030
624169 608402
567966 594757
591334 593279
735848 728826
623613 612103
721614 728826
112179 76317
568346 570925
601328 623613
79019 83263
611823 614500
106535 586751
573168 565421
95558 86221
590949 573112
589513 571275
122720 82453
105349 120375
567966 570704
90620 101894
619623 630063
742022 741866
90621 81491
120375 105289
108997 111106
79174 74459
85378 86835
84833 89906
613726 612758
580398 565421
573112 579081
725264 721030
604131 601353
567783 570925
578141 573112
719188 721030
84833 88686
587408 570061
110823 120988
625115 573112
573112 582086
88879 90753
84400 79117
570939 587408
623613 605984
729495 116240
112615 85378
567966 572839
614861 623022
613944 618585
630186 611823
73559 82453
589902 589113
111106 734619
86450 113695
729837 728826
107256 76317
567294 572746
111605 94995
111106 77174
102418 90621
619120 623022
738951 719729
759576 741866
612117 623613
570925 571871
82513 84833
122611 84833
575594 572233
578869 572783
715509 733679
573112 588392
568640 573112
734891 721078
94429 97457
82479 86221
104262 92791
572746 587876
567966 577287
630063 595188
746757 741978
571275 569397
82453 73695
86221 121972
594375 597709
120963 731847
77581 85378
736660 727569
82084 93411
604977 612083
570925 567461
609960 624169
109881 76317
84497 85378
85378 98442
85378 82892
599501 601353
116240 731784
721030 724904
624169 578424
86221 98989
567750 609927
88077 86221
601353 631065
76317 107504
599524 608279
591519 582149
108488 736660
592172 101894
86848 82453
570925 624338
576519 573112
608086 567966
749207 741978
736660 120845
614609 615237
616522 612083
98652 97310
590290 570436
592423 90753
603747 600504
578536 624169
85378 87202
608404 610561
715175 715509
76317 75765
576290 567880
603731 601353
92791 116822
92791 123025
622217 613944
116240 718646
104657 120375
90753 105443
611823 600246
86221 111814
86221 98039
741978 746603
573112 578911
572746 577945
623613 629730
122302 110823
719742 718012
608279 624496
86221 113705
608534 624206
591334 569073
96523 91080
612423 623613
722075 738353
610877 599348
728826 108549
587166 106548
741866 751427
120375 90512
616074 610561
115128 92791
574045 587913
566312 570925
86221 88291
118841 117864
117368 82453
90621 91463
75339 110823
590570 571275
611823 606989
83331 79019
721030 736197
608351 623613
589731 586306
725389 721030
616235 624169
615467 611823
736660 731306
573112 567247
109816 73158
608279 625431
84833 119687
82453 119864
86705 76317
570313 587408
73160 85378
96123 94995
95236 85378
602348 628059
730357 719729
101894 90705
594375 595571
611823 613120
94927 111106
630063 605172
607775 612083
569708 591334
611823 607057
624169 606735
74132 85233
608279 624127
721030 721431
570925 566706
82281 86221
719746 721078
79032 82453
98652 95653
90753 584421
90753 93343
85378 88365
571490 589731
725042 730494
601353 595669
728826 721951
94856 110823
596290 601776
714276 760017
594526 583005
90440 120375
610524 608279
90022 117864
738353 722283
614806 630063
570925 590938
623613 630200
98652 120486
605450 591334
621130 598009
105914 90867
94877 116240
121005 110823
725154 715509
728146 736660
623961 573112
616502 623022
718225 715509
612083 617053
76154 76317
90753 101322
77186 86221
611823 617120
110823 121094
86221 97742
111735 94995
78984 115835
110823 112175
75945 86221
601353 603913
591334 566353
573112 568533
763111 741866
587408 571000
727439 728826
616061 612083
566521 594420
573543 570925
738353 726457
586751 103646
573112 586274
76317 95946
119967 113695
567880 577370
82453 76188
721078 714696
601353 626823
82453 73320
594375 595533
82453 84726
89509 84400
601353 626577
612083 611009
103293 105571
92791 106223
589843 106234
602348 603115
565405 587408
607920 610405
700221 684209
573112 587869
589731 571960
625702 594420
684209 700599
94922 111106
120375 90549
618456 602348
697915 684209
602348 613793
617290 594375
602348 627705
96240 102694
