715509 726898
728826 721291
94995 100315
120375 589015
728826 110202
87444 98652
615898 570925
612083 604793
117242 76317
612083 600769
101894 81771
113479 86221
956212 954947
76317 732844
573112 591402
612758 628215
82453 78826
618322 601353
728670 110823
85378 123645
626931 608279
93028 117864
608026 601353
723187 721078
82453 120899
632135 601353
585016 589731
578773 612758
113935 728826
589731 92818
122503 728826
609751 623613
86221 100966
75339 98652
728826 732016
736660 88060
83961 113695
736660 110790
91050 82453
589731 105292
623022 612673
90621 584020
120375 88664
611823 624758
101894 116849
623613 615832
581553 565421
565912 573112
88748 85378
567966 598770
573112 624628
84833 90614
632349 602348
612083 602194
623613 602103
80972 90753
715509 736926
82453 77621
90621 589182
715509 713239
589048 120375
108853 76317
86221 74674
601353 607758
91923 98652
86221 111600
116350 736660
111666 736660
106809 86221
728035 111106
573112 611376
90621 586266
600765 567966
573112 587355
103148 101894
122687 86221
594427 567966
735899 721078
736660 75492
567966 569218
76317 91943
608956 612083
721078 723068
601353 619104
90621 119393
601353 630988
587408 571931
120375 96856
98652 83197
116240 76120
742092 741866
96706 76317
721078 718313
588076 106548
721078 718951
591581 90621
571275 581841
611823 617261
623613 598648
101894 90194
89252 120375
82453 101081
79057 86221
715483 721078
721078 735702
735471 721030
601353 606883
728826 94091
91965 82453
589731 105621
571275 581473
110823 97555
589731 570894
716145 721030
596030 601353
82453 87764
573112 581231
724625 736660
589731 587772
97238 120375
85378 96089
736660 76540
572094 589731
595557 601353
101894 586394
82453 76486
86221 736636
624206 574329
736225 715509
109089 86221
582279 573112
594420 600265
76642 736660
111845 85378
741866 747065
84833 92024
75026 98652
98652 108539
718017 721078
110823 120783
615444 601353
567966 570397
736660 75834
100207 85378
94376 110823
101894 113509
602348 617024
90621 592155
107894 111106
115553 106234
111705 86221
761760 741978
101894 587179
76317 82946
78850 82453
115946 106234
82043 106234
593653 601353
570925 588174
115069 82084
581441 571275
95026 82453
619290 613944
571778 106234
582149 570343
594589 571275
111106 107219
624116 587408
624169 612144
736885 736660
101894 587884
613944 619679
81526 120375
627458 601353
73158 86628
76490 98652
82453 98649
736660 107073
589731 577547
81195 101894
617277 613944
567759 612083
106548 587809
83311 98652
601353 614406
86221 111435
613944 603804
87829 82453
84195 86221
111106 94601
609530 611823
567966 582415
76317 97305
117132 85378
736817 736660
584372 570925
722965 721078
86221 102660
98652 122625
589731 591765
86221 111094
623613 631534
721078 733230
120375 104042
629970 602348
739324 715509
79479 84833
585589 589731
573112 581242
86221 111449
90438 101894
82453 106776
86221 111976
121894 84833
82023 101894
616680 567966
590713 573112
594420 570655
113175 736660
624753 612083
82453 116179
106998 728826
736660 721691
87072 82453
601353 621776
607178 612083
91918 98652
90753 88665
112230 85378
613944 619294
612083 618883
571814 587408
583035 567966
89027 120375
100561 101894
109101 86221
77032 82453
106234 82228
110282 86221
728826 77046
100343 98652
106548 585443
101894 100256
86221 114823
624206 566284
568850 589731
615342 601353
79019 123645
623735 608279
572746 591829
108707 110823
110823 73613
90621 581235
98704 110823
601353 611911
601353 612723
108172 110823
75236 736660
603806 601353
728826 721363
715764 721030
736660 75543
86221 99897
73344 84833
721078 731509
79565 82453
736660 75721
571275 106136
611389 601353
122859 86221
735681 736660
601353 613755
75644 110823
110354 113161
94440 82453
573112 618226
88933 82453
86221 108526
104092 92791
567171 571275
610496 623613
123921 116240
620072 613944
733922 736660
724773 110823
110823 114231
589731 583475
75674 736660
585329 573112
86221 73541
77855 82453
579577 567966
118396 120375
602348 629695
624760 573112
86221 97386
86221 97324
733234 721030
573112 589814
100844 120375
86221 96585
86221 99889
579329 567966
92791 584702
598711 623613
566201 624169
120375 589434
573112 584961
571957 101894
624165 611823
594420 587945
92791 122599
736660 111316
76317 83823
84833 115637
613761 601353
721078 717444
589731 104914
667187 684209
612083 600132
97622 92791
86221 727763
732692 721078
86221 109294
573112 589917
601353 608474
614841 601353
736660 77038
123017 101894
111106 738026
86221 79857
672832 684209
715509 737211
589095 573112
116240 731454
631734 591334
589731 570354
602348 611468
106548 82012
601353 629621
107134 736660
101894 114686
736261 721078
624169 625784
601353 626977
727610 728826
76317 84624
111106 728075
111687 728826
106548 104565
86221 73817
92935 84833
629782 623022
609521 612083
721078 733511
715509 726325
601353 612361
599053 601353
86928 86221
721030 735995
618374 601353
714417 721078
74927 98652
116036 110823
111106 114113
630966 602348
945914 954947
728224 110823
101894 89725
721705 721030
621918 601353
727779 728826
114109 82453
609610 573112
108123 111106
107013 736660
852653 853457
120375 589417
86221 122176
624169 616583
622955 623613
95512 82453
599476 612083
82453 98596
73158 94206
571275 592153
82453 115011
589731 574376
723340 728826
623613 611070
684209 667324
610557 612083
736660 109284
626307 571275
82453 116112
624657 623613
623613 606660
97614 101894
622911 602348
86221 97234
611823 611224
589731 584640
611802 608279
601353 619147
87483 76317
111372 728826
725841 715509
585099 106234
610561 573102
86221 86905
728718 86221
572640 567966
83241 76317
721078 730464
615291 611823
86221 106816
86221 86896
108437 728826
623613 608762
736660 108732
101894 592403
591015 586751
100810 101894
116924 84833
120375 96632
565215 571275
715509 720346
585004 106548
620358 623022
112931 82453
99137 82453
96599 111106
76317 96913
581977 594420
110823 99317
737261 721030
107810 736660
86221 99079
609822 594420
732319 721078
86221 73835
111644 736660
98652 99727
106756 86221
628466 611823
615638 601353
98652 113910
73158 79431
76317 108904
96732 120375
120375 104252
110823 75432
106548 587914
86221 79514
584680 573112
86221 727719
573112 582188
565421 610362
619272 613944
601353 617820
678184 684209
616634 623613
86221 79814
604161 613944
721078 733312
587540 586751
100648 106234
607210 612083
571302 106234
601353 606748
86221 97143
600800 610561
583106 573112
566653 567966
623613 611031
106234 91513
616668 601353
571275 583399
82453 88494
110647 98652
82453 88098
86221 94936
573112 584542
79993 90621
101894 586547
122988 101894
95844 120375
104921 589731
716620 721078
566290 573112
601353 614453
101994 120375
81471 84833
581387 584575
586835 120375
731717 110823
728826 721835
82453 87146
101894 590502
122994 101894
731033 721078
111269 86221
612083 621840
731035 715509
86221 97578
726332 715509
106234 103082
110823 87857
86221 91869
90300 106548
82453 98288
567875 594420
623613 598767
594420 600909
724151 736660
101894 585688
720393 715509
120375 104471
741866 751946
589731 574111
592206 90753
572233 592272
120375 112829
88313 82453
590967 583005
601353 627036
573112 611368
612083 625352
736660 721848
86221 84395
587408 577617
112528 79019
100641 86221
86221 75969
110229 736660
601703 612083
596165 623613
731229 736660
568109 594420
716130 721078
108447 86221
601353 605964
81310 120375
601353 622300
105158 106548
110823 99373
601353 629301
572746 609125
614131 601353
571275 103592
595215 608279
580819 571275
106826 86221
605334 623613
82453 111382
736660 729062
608279 616972
109499 736660
611823 631350
98652 121020
612083 632041
573112 593376
721427 721078
110823 724161
589731 102039
86221 116054
84833 76162
736660 737821
84833 80694
121299 86221
584252 573112
746723 741978
612083 608452
106234 118465
114952 86221
588487 101894
581446 572746
86221 121220
604035 613944
109162 728826
106234 91625
715509 726604
741866 746299
623613 602445
90255 101894
598540 601353
112769 92791
586505 90621
721078 732246
615053 623613
721078 718354
110426 86221
736387 715509
586751 570186
612083 607950
721078 733493
85378 123605
84833 74767
567966 594363
101739 589731
113883 728826
86221 120193
566234 608279
86718 79019
86221 83688
629010 611823
565421 577845
616554 601353
97239 120375
106548 571384
110823 98648
82453 79461
110730 98652
84833 76009
298264 285434
612083 567685
123962 82453
76317 91908
613944 617286
722530 725042
715509 721468
107742 98652
73568 86221
567966 592909
568809 567966
632142 623613
86221 107083
611823 628318
115835 115611
617269 623613
576411 608279
746969 741866
101894 91576
73964 84833
573112 625325
76317 84301
614200 601353
601835 613944
77065 82453
589731 103513
91798 76317
600881 602348
76317 115759
736660 724547
98652 111434
82453 97883
611010 613944
75278 736660
732914 715509
601353 617191
594420 581349
98652 122559
721078 717925
101894 79927
82453 119667
573112 592519
716025 721078
629524 601353
571275 577923
89114 101894
120375 99361
623022 618041
91593 86221
106234 588347
110976 85378
90753 592313
110516 86221
832505 853457
77231 728826
120375 118390
101894 101130
77560 82453
623613 609229
106548 586260
736758 76317
580248 594420
733146 721030
100685 101894
589067 101894
84400 109350
623613 567738
571275 579331
629620 601353
108342 728826
106548 573547
92329 101894
82453 91682
630465 623613
623613 624540
601353 599282
714437 110823
592804 101894
605332 623613
82453 88689
717036 721078
106234 567433
82453 124378
586651 101894
673245 684209
601353 607148
120375 119156
729331 76317
721078 724482
598920 601353
76317 728038
715509 731063
101894 100503
612083 602196
92791 100991
101063 120375
95194 82453
86221 736648
601353 629479
86221 82660
82453 79856
110823 120875
82453 96118
721985 715509
611823 632037
608279 603468
721078 713533
103241 589731
571975 101894
112574 82453
87337 82453
76317 85560
118579 86221
721078 737474
112379 86221
721078 719078
717933 721078
84505 76317
572783 608907
82453 98988
728826 111036
90621 588144
577090 608279
82453 97235
602348 618098
680167 684209
607375 601353
82453 98276
601353 613406
86221 122395
86221 119749
95974 82453
109226 736660
76317 723801
623022 628212
619482 630063
86221 106842
86221 79220
82787 86221
612758 567228
727793 86221
596290 620436
629280 570925
99141 86221
601353 629425
624251 573112
727885 76317
584007 586751
82453 98512
77168 82453
747184 741866
609320 594420
86873 86221
591984 106234
572990 589731
619003 601353
85378 91831
86221 91700
76317 74380
571858 101894
82453 96388
630063 617094
601353 626263
613869 623613
86221 83739
74325 736660
90621 588085
715509 726054
573972 589731
604781 620001
573942 106234
76317 96873
99520 86221
736660 724657
607429 567966
122080 90753
90569 101894
751953 741978
623613 610221
570465 589731
591897 90621
110987 76317
590963 571275
736806 736660
601353 606059
120287 736660
587408 582690
82453 84115
110384 728826
582149 583463
90395 101894
285286 298264
573375 589731
616012 611823
721233 715509
721030 732601
736660 108881
101894 590308
623613 630816
83784 90621
565921 573112
86221 96562
106548 90048
719186 721078
86221 73061
738483 736660
76317 110898
110823 112280
610891 613944
75318 736660
623613 623248
106988 82453
589748 90753
82453 77137
623613 624987
608901 596290
571275 104614
728826 109077
97291 110823
86221 110160
612083 630123
609765 623613
76259 736660
567783 612083
101894 586317
612083 630690
577548 589731
571712 106548
589731 577242
572233 618225
110476 736660
627442 623613
120375 81537
110823 99188
570458 589731
573927 589731
101894 119430
106161 571275
82453 94400
79795 86221
113655 728826
715509 719378
120485 82453
113950 86221
601353 604352
736660 76816
624772 612083
610490 611823
76317 94609
76044 736660
565831 578208
736660 76471
110823 97375
95740 110823
90621 115040
113466 76317
624677 612083
86221 119708
106548 93481
116240 109436
713399 715509
609961 612083
578389 101894
110823 75629
596328 601353
719452 721078
736660 107101
724742 721078
106234 589040
112545 84833
86221 113579
721078 739035
570925 565163
120375 81695
118834 84833
738777 110823
106090 90621
623613 622698
684209 667292
92785 106548
106548 90017
568898 586751
613944 626622
587408 586543
99671 110823
612758 607565
84833 85384
99810 98652
600589 602348
721078 720294
715509 730725
573982 589731
82453 120811
601353 607452
715509 731061
601353 627065
723607 111106
583897 120375
76246 82453
565654 573112
76793 728826
108535 86221
589731 572180
115756 79019
76535 98652
110823 95300
721078 732436
715509 726102
622000 612083
584349 573112
89964 106548
611823 605752
606691 612083
86221 108446
609428 611823
589731 572444
954947 945822
122854 73381
724686 721078
736103 715509
738529 76317
611823 629240
591578 567966
89790 120375
591900 120375
623613 609024
601353 616736
76317 74749
741866 751833
733439 721030
120690 589731
91738 82453
101894 90065
110191 76317
567966 599194
608997 573112
79019 79352
622586 601353
90621 584960
612083 629205
587819 101894
731697 82453
82453 76844
573112 565541
721078 716266
736660 86286
728826 723600
86221 112178
736660 108810
611409 596290
574107 586751
81587 120375
82453 88543
115835 118464
570925 581929
713654 721078
86221 101081
600504 613432
571071 589731
612723 613944
589731 574340
571275 576738
612083 567482
589731 571107
736660 73300
120375 122147
728826 108370
591334 598750
90753 106147
733785 715509
715509 720646
111790 82453
736660 734243
85378 728250
581869 571275
609138 573112
624206 567246
571275 595258
578401 589731
81699 84833
721078 723027
629698 601353
82453 76626
619422 601353
116723 101894
110823 99125
