122286 721078
101894 582801
715509 751517
573704 101894
101894 585144
120375 116195
573112 106440
601353 605741
101894 591345
89595 76317
101894 585872
573112 608874
569686 101894
589731 625786
578649 101894
84833 80492
82453 80088
601353 579190
735238 82453
101894 113896
602348 624542
715509 713013
684209 681138
589731 100667
620517 601353
734117 715509
613944 624631
627813 601353
82453 583282
84833 118127
612083 570062
572087 120375
601353 596445
601154 573112
617551 623613
727316 86221
82088 573112
676537 684209
89685 76317
88442 589731
298264 744800
623447 601353
567963 601353
721078 729164
73187 728826
82453 80111
601353 611371
112062 721078
617071 601353
577645 101894
629180 601353
92798 573112
114329 101894
715509 732766
623613 597681
601353 623774
684209 957425
86221 81827
114679 86221
86221 105332
595802 613944
94314 728826
84538 90621
723971 86221
82453 728839
114535 82453
727850 82453
575326 589731
681720 684209
594665 601353
600953 567966
86221 92662
589731 580227
101894 84178
87550 101894
601353 627002
82453 583457
715075 721078
577548 613944
91379 86221
569373 101894
589731 121687
613944 605568
722787 76317
714770 741866
122800 101894
732432 736660
84334 101894
573112 611417
89852 86221
723776 715509
576274 101894
117709 120375
715509 731132
720323 736660
84833 103482
101894 118745
741866 713691
101894 98953
123703 84833
80321 84833
101894 114349
115268 573112
105840 98652
114390 101894
613944 624311
623613 567855
721078 111330
588555 589731
721078 111290
601353 567391
722674 715509
98652 105208
76317 734360
87625 120375
114629 86221
76317 734203
82453 104177
712910 728826
573112 93840
101894 123415
108017 106234
82453 111024
567966 623193
86221 729435
626019 589731
601353 620215
565554 120375
731387 82453
578017 623022
123738 82453
593679 601353
715509 727144
736660 102658
714546 715509
601353 566176
120375 584615
736660 96083
120375 83625
684209 680989
727517 82453
86221 736846
97029 101894
721078 736741
99261 106234
122735 110823
82453 109344
101894 78496
590953 567966
90123 86221
721078 111701
611823 565594
611823 632367
721078 729786
723529 86221
112672 721078
728178 86221
726990 736660
589731 624733
82453 723740
623613 626709
721030 739235
715509 731221
84157 736660
93640 82453
87693 82453
578264 611823
601353 621092
577201 106234
576270 589731
113949 120375
728443 715509
74248 736660
594731 601353
601353 594235
613944 607769
86221 92287
611823 621158
735940 715509
589731 567232
601353 567999
853457 853273
601353 597761
612083 582786
609162 601353
101894 91929
95208 728826
117850 82453
106548 591181
601353 599321
568478 101894
566835 101894
84833 124136
613944 566239
728798 721078
620490 601353
91676 110823
730011 721030
97416 82453
86221 93232
630956 601353
735842 728826
734325 721030
573112 596047
82453 118888
97929 84833
88048 736660
609664 589731
623613 629820
114843 86221
101894 591397
730230 110823
115341 589731
120375 83905
713208 741866
120063 111106
573112 90565
613944 567727
76317 728783
79381 86221
84833 121538
601353 610641
109049 120375
715509 734843
82453 123985
601353 621731
101894 581839
120375 588416
601353 603585
571275 616430
594541 601353
120375 77247
735942 721078
113076 82453
676651 684209
618852 623613
604873 601353
120471 76317
101894 120066
82453 115812
721078 122576
619482 611823
116193 589731
109001 721078
102179 86221
82453 113636
114203 101894
81766 589731
78892 101894
82453 112731
570319 120375
723684 86221
665572 684209
625587 571275
601353 623964
101894 78593
573112 118293
715509 727344
99642 101894
624759 601353
76939 101894
103936 573112
573112 580564
77791 728826
589731 565889
110823 737923
615742 573112
601353 610421
632185 573112
736660 74203
719059 728826
78900 92791
100238 82453
99262 84833
82453 91157
601353 606351
723259 736660
119911 110823
728826 725352
573112 616610
723246 86221
82453 81699
82453 119042
580648 623613
101894 113166
101894 591405
601353 594182
611823 618267
570393 120375
119126 589731
715509 714591
101894 113212
86221 91287
110858 82453
726611 715509
573112 627314
72936 728826
101894 86900
593008 101894
80673 86221
601353 568060
583415 567966
569111 101894
589731 575400
84833 113305
92925 82453
98102 101894
115791 120375
758968 715509
715977 728826
589731 567982
573112 598795
601353 606168
82453 117540
599687 573112
573112 608010
601353 597173
721544 86221
736660 728857
723232 721078
86221 117284
572544 101894
728826 113783
89301 76317
731869 715509
725748 736660
623613 596778
101894 87661
122410 721078
587621 101894
605545 601353
730313 721078
86451 101894
86221 82008
84833 118895
608279 622381
728443 721030
110823 82700
76317 731745
88946 86221
99742 84833
92092 120375
736660 97018
601353 576147
75591 728826
76597 84833
571275 612724
82453 99575
715509 724292
76317 123624
721078 109210
82453 109526
90753 94873
591397 120375
101517 82453
591143 573112
732720 86221
87283 120375
612083 579467
113052 101894
118599 86221
601353 622886
723257 86221
573112 603819
589731 81354
86221 89156
101894 99082
104390 573112
84772 110823
86221 92774
613944 632389
101894 82342
601353 619474
573112 592826
120375 80435
601353 597486
601353 616753
573112 608006
110969 82453
587483 101894
724642 82453
84833 76833
90134 86221
119667 110823
589731 119336
82453 91379
120375 97776
76317 116225
81223 86221
612083 569752
581835 120375
728826 73967
86221 80754
613944 605336
114333 101894
601353 616302
97648 106548
82453 122592
736660 79235
715509 718546
86221 73643
86221 727188
616957 573112
715509 758941
573112 631720
573112 116868
101894 83051
728826 726125
728826 73781
99479 82453
728826 95888
86221 729194
105338 84833
715509 722546
98652 123598
572746 615538
713893 715509
565593 120375
736660 82475
82453 121599
116699 573112
565897 120375
83499 120375
591063 120375
616667 573112
101894 115807
728815 715509
120375 586493
581676 84833
601353 609167
569823 101894
80968 86221
112955 82453
736718 715509
100290 589731
101894 96295
86221 116075
601353 620922
73158 93759
116560 736660
101894 593048
736660 97688
109181 82453
99389 736660
102155 571275
101894 115196
567032 101894
120473 101894
715509 713420
589731 631555
81426 82453
589731 123450
578973 101894
573112 589384
721078 723980
101894 87389
721078 108435
101894 84715
82453 120319
726994 736660
74347 728826
86221 731402
86221 93953
736660 726773
608279 570069
566299 120375
298264 744420
85378 75833
625648 589731
601353 579096
601353 623865
120375 118649
122693 736660
74395 736660
121745 589731
568037 589731
715509 723949
565513 573112
106548 116580
82453 78270
728206 721078
582250 611823
608653 601353
728826 112792
120375 588552
600633 613944
86221 79340
573112 119075
624206 628264
102164 86221
601353 608928
675130 684209
98601 101894
729936 721078
120375 114364
736660 94547
589731 567817
729210 86221
98652 88639
612083 572355
728826 77328
86221 729770
601353 627300
577678 612083
79019 583631
92891 573112
601353 576511
84833 101356
97538 589731
601353 627292
101894 576436
736660 98113
566162 106548
101894 87235
589731 123037
85660 728826
120375 584621
567171 611823
714611 715509
738548 721078
571275 124197
623613 578548
589731 623780
82453 119750
102089 573112
728826 98969
123132 101894
582505 589731
573112 580223
715509 726976
737581 728826
625172 602348
684209 693338
101928 84833
84833 106502
86221 102539
670342 684209
76317 84777
746658 715509
82453 93282
737910 715509
112714 120375
86221 721564
601353 626771
86221 84924
77626 120375
573112 598472
574136 612083
82453 75556
617067 601353
715509 747060
728606 86221
92855 86221
594391 601353
729750 82453
738807 715509
589731 580477
737543 736660
727056 736660
93419 82453
589731 609009
741866 714230
77162 90621
575430 589731
573112 604374
95544 84833
114560 82453
86221 103559
89864 86221
84833 585593
606290 601353
601353 575749
729752 82453
120819 728826
728826 719349
90695 86221
79116 736660
82453 81989
589731 631575
613944 576407
86221 737898
98985 101894
97806 120375
86221 116758
601353 623191
77869 82453
576489 623613
82453 730047
120375 580348
104107 82453
735301 82453
120807 101894
100604 589731
120375 74208
113680 728826
728826 75985
99484 111106
86221 737771
100168 82453
566650 101894
104014 571275
715509 759766
88388 101894
82453 93472
573112 598430
736660 737498
573285 101894
94235 101894
589731 101015
721078 729409
736660 97263
114359 101894
120375 78409
589731 565724
82333 101894
608132 601353
736660 726567
84833 118428
589731 592655
731446 715509
120375 117789
627694 623613
723743 82453
720714 736660
626722 601353
682396 684209
627932 573112
576700 101894
732727 86221
601353 596694
601353 629789
584621 101894
86221 87345
93182 573112
84833 88529
101894 119528
737608 728826
73870 98652
632099 589731
82453 119190
105365 82453
601353 567828
576844 623613
101894 581369
76317 99592
90545 82453
736054 76317
615413 573112
684209 681523
629089 573112
573112 593391
106548 566267
571179 611823
120375 124153
601353 595056
736733 715509
623688 601353
117703 82453
569941 101894
612083 570886
731443 715509
715509 722212
573112 599421
573112 119189
613944 597393
619799 573112
101894 95520
609566 601353
87705 101894
569122 106234
101894 118181
598774 573112
86221 119066
97384 736660
84999 120375
83256 736660
86221 115141
736660 74264
734210 82453
90621 573845
715509 746556
601353 623493
105496 98652
101894 77772
589731 89031
82453 734578
723387 86221
589731 594984
729778 86221
736660 718530
631292 601353
601353 606724
623613 582733
731272 86221
591080 589731
570910 623613
93793 86221
120375 123712
684209 677472
86221 727286
120375 588034
101894 80577
715509 723477
627093 567966
601353 617898
579100 589731
80268 82453
611138 601353
741968 715509
101894 569166
79323 82453
601353 609000
609397 601353
120375 574240
86221 84430
86221 724686
589731 569961
592575 589731
736660 736344
572787 101894
120375 88621
734376 715509
565611 611823
81853 589731
95908 101894
601353 621301
625305 589731
625058 601353
625665 623613
735065 736660
622183 623613
608788 601353
729752 721078
616122 573112
97438 82453
93482 573112
118627 589731
101894 585070
115570 82453
573112 80189
589731 609180
98652 93701
89121 84833
86221 731570
582118 120375
601353 567488
566874 608279
82453 117657
82453 100173
589731 115183
75534 120375
82453 91833
97545 736660
729996 721078
567693 601353
124240 589731
724525 715509
75987 120375
101894 566796
86221 84077
82453 118714
613944 599562
609671 601353
715509 731723
80914 86221
600044 567966
609586 602348
102394 98652
618197 623613
81395 82453
82453 728018
721078 111877
573112 116818
601353 614997
621131 601353
101894 96226
601353 571138
120375 109460
120375 78629
101894 581392
723834 82453
82453 91098
85271 736660
670242 684209
93743 82453
80443 589731
98139 101894
98627 101894
116002 101894
601353 622261
573112 93086
608279 628812
112245 728826
713844 741866
77678 736660
729027 86221
735067 82453
601353 621191
90357 573112
588153 608279
82453 89713
610084 601353
728826 120827
623613 568531
736027 736660
567402 612083
101894 97982
601353 594308
87967 736660
630893 601353
111249 721030
86221 80886
608740 601353
101894 577323
82453 93111
82453 99972
723803 715509
120375 570157
721880 86221
82295 120375
120375 569073
110823 726069
116013 728826
568285 589731
601353 595076
82453 81701
101166 82453
82453 101345
86221 728562
86221 80231
82129 101894
108720 82453
105274 82453
592370 589731
86221 119172
736660 74673
82453 77894
101894 114432
110823 116077
104609 573112
724043 715509
86221 122349
573112 105742
728894 715509
120654 86221
728826 720074
731521 82453
124272 120375
567717 601353
82453 105253
91648 86221
595786 601353
737623 715509
736660 731072
601353 598879
98652 119906
101894 80853
82453 104512
108391 82453
736660 96814
585629 573112
582027 608279
86221 101661
99987 736660
85021 101894
584584 84833
86221 81600
736548 715509
92791 73014
97810 736660
613216 570925
574498 101894
101894 574285
736660 87660
572236 623613
631107 573112
726608 715509
734383 98652
82453 583461
98652 89985
82453 118597
82601 110823
567966 593300
589731 568036
584771 101894
82453 119316
735337 721078
99301 120375
93025 86221
721078 736659
93249 82453
601353 610373
79154 736660
565708 120375
596030 608279
567332 601353
113172 101894
714432 82453
735217 86221
98652 102828
571275 611291
567966 585010
585939 101894
728826 83423
736660 79590
100806 82453
86221 727489
573112 104626
619875 611823
736660 78103
98652 738141
723313 736660
571275 608554
82453 122398
715509 728458
728156 82453
728826 96632
90422 589731
736660 82486
736660 85974
73628 110823
98652 94744
721825 76317
601353 596416
93873 82453
110823 726008
82453 123623
81035 101894
728826 108862
735448 82453
89948 82453
86221 723963
724280 715509
82453 723814
611823 567295
80109 101894
101894 580647
568021 601353
87634 90621
593297 101894
101894 578248
95239 101894
733127 721078
746455 715509
730702 736660
573112 617149
685687 684209
106234 96909
577816 101894
573112 606789
578995 101894
611823 575928
117104 728826
589731 97626
728826 721244
76317 93473
589731 118697
84833 102465
582690 120375
101894 120077
98652 74358
572631 612083
736660 77260
734004 736660
734311 721078
601353 631303
82453 100775
120375 581037
728826 72905
99530 82453
601353 595860
609174 601353
116831 82453
82453 110726
610530 589731
623993 601353
106548 577167
92292 589731
81952 86221
104398 82453
737032 741866
574070 101894
573112 80813
101894 98961
623613 593611
573112 611455
623613 617935
86221 729066
721078 729994
81143 106548
728826 87080
627941 601353
88815 86221
102348 86221
84833 123050
82453 118608
121640 101894
100208 82453
114852 120375
724414 721078
