601353 621478
623613 580847
116655 86221
101894 631643
587968 86221
601353 576262
582661 86221
569719 601353
99558 573112
715509 115701
110823 582158
98652 588140
82453 725856
101894 74504
582524 601353
82453 581085
601353 571994
73158 83626
119131 601353
111375 715509
86221 737490
101894 609160
82453 568187
612217 589731
589731 613962
715509 110515
76317 93180
75000 573112
120375 631490
90621 110061
573112 83606
723727 101894
86221 80287
725679 86221
110823 103555
86221 582715
82453 106334
589731 110596
82453 571974
581321 601353
726967 82453
589177 86221
581466 76317
98652 593208
595999 623613
631008 82453
86221 737215
589731 115947
601353 583101
573112 94965
573112 601784
723193 86221
95810 721078
86221 106292
104006 86221
715509 86094
101894 101493
99167 721078
94932 715509
82453 93577
82453 735173
104437 736660
573112 604624
601353 589764
760025 721078
715509 109642
721078 86397
101894 611899
728559 101894
86221 583242
573112 630808
715509 76367
574028 82453
589731 113147
601353 579502
721078 99805
715509 73569
119335 573112
86221 570166
78693 736660
738752 741866
86221 124144
715509 109071
714488 736660
595291 101894
586447 86221
613215 571275
109663 101894
86221 565673
82453 722414
580599 601353
587025 601353
717479 110823
94633 715509
98652 581903
110084 101894
101894 729868
573112 617738
582969 601353
715509 110082
573112 74214
76317 103298
120375 610504
721078 87407
583983 612083
571206 601353
736660 78799
86221 581808
573112 123240
601353 580223
721078 76724
584730 98652
114025 573112
101894 108375
741866 717850
573112 86797
86221 591998
601353 565847
114676 86221
120375 606836
728826 91536
86221 733497
720660 82453
573112 100255
120375 111482
101894 76346
101894 727981
716306 741866
86221 715558
608549 101894
601353 566715
719678 741866
91738 728826
724795 86221
573112 117444
101894 119942
734921 86221
715509 94958
584055 86221
601353 590562
118212 86221
95611 721078
121589 82453
571830 86221
586875 86221
588013 601353
741866 715277
582709 601353
110823 102952
102371 82453
585260 601353
573112 121475
573112 99987
107387 721078
601353 586797
715509 74683
114175 101894
573112 85079
726954 82453
86221 730763
580814 601353
732728 101894
608279 620679
721078 747062
715509 109860
101894 727690
586981 86221
101894 592854
84889 82453
86221 732256
573112 83129
580467 601353
110653 101894
592328 82453
723280 84833
601353 580142
101894 729724
741866 732224
725296 86221
98652 584568
103629 82453
715509 107073
721078 94528
86221 715852
573112 107503
586233 601353
573112 88005
728826 105208
82453 732984
616947 90621
586962 601353
77066 715509
82453 738630
589681 86221
618186 573112
567877 101894
104417 601353
114288 721078
98652 85881
608811 589731
120849 715509
589945 86221
101894 600747
715509 730208
598623 589731
601353 569408
86221 588967
736660 589013
82453 720807
726366 86221
628394 101894
72674 721078
104557 86221
86221 725694
98652 594445
110823 102201
101894 624229
720677 741866
601353 584478
601353 584865
715509 95143
101894 565599
715509 751599
601353 573495
98384 721030
75465 715509
715509 107475
111157 589731
573112 79255
623613 590281
741866 725374
86221 582557
123338 736660
615228 90621
84833 575663
101894 74274
583363 601353
601353 570049
589718 82453
121207 715509
98652 591549
86221 738130
739277 86221
588641 82453
101894 78085
601353 577383
728826 99892
117723 573112
120375 111065
730580 86221
573410 82453
736069 82453
95149 573112
110823 585011
75153 721078
82453 625915
573112 604492
715509 89228
587928 86221
80425 573112
74085 721078
569567 84833
86221 584068
570970 601353
73879 715509
715509 738142
99187 721078
82453 725969
86221 586957
568718 86221
86221 569034
101894 110494
721078 100930
721078 75236
86221 582952
572865 82453
597870 601353
84833 605346
715509 746895
86221 735147
589731 123645
626554 101894
601353 574002
715509 110298
101894 625143
113859 101894
589294 82453
589731 114814
591605 86221
101894 73015
855446 853457
727747 715509
588891 601353
82453 718838
82453 720544
721946 86221
101894 111227
721078 94649
80551 728826
101894 609513
86221 574177
736660 100410
613944 583920
86221 717865
721078 751771
574322 86221
571131 82453
122515 84833
728826 120083
589731 595981
585338 601353
725943 86221
86221 737277
113940 86221
573112 80757
82493 573112
120272 721078
574303 120375
86221 117674
76317 103757
589731 612247
85322 721078
120375 73592
76317 588026
82453 592268
75763 715509
107331 101894
721078 97888
82453 582655
715509 112900
565084 98652
601353 576142
110823 715746
109775 715509
573487 86221
82453 572200
684209 664549
97914 721078
592658 601353
728826 91328
589731 621824
715509 744502
589731 109169
73258 721078
584776 86221
86221 726362
86221 589537
715509 108753
609579 101894
86221 583543
589731 107824
74906 589731
592278 101894
589731 606493
589765 86221
86221 85983
82453 595080
589731 613607
734177 715509
742700 715509
715509 763122
616114 101894
571563 601353
583088 601353
573112 605158
573112 104016
589794 76317
84488 589731
616412 101894
617369 573112
76317 115895
729240 101894
715509 118578
715509 736769
108504 715509
741866 733884
569529 82453
75317 101894
123107 86221
715509 117052
601353 580865
110125 715509
573112 628210
588917 76317
736660 730272
82183 86221
97316 721078
86221 717671
584795 110823
715509 736892
598179 101894
106324 736660
735986 741866
86221 720283
728192 101894
86221 735628
736660 583418
715509 763181
115392 110823
91315 573112
591785 601353
118139 82453
719928 86221
113439 120375
601353 584995
116042 721078
584285 76317
111540 715509
573112 99091
98652 89486
721078 87633
86221 84125
721078 91766
715509 734688
715509 714115
84484 728826
575179 601353
101894 110079
113879 721078
624673 120375
719601 736660
715509 742475
571091 98652
101894 631496
736190 82453
587097 601353
82453 586410
107141 721078
106234 121963
86221 584756
86221 83621
601353 590378
116465 736660
110823 123616
622480 573112
86221 723311
684209 698288
715509 747152
715509 122577
587771 86221
86221 720231
587881 86221
86221 573835
606074 101894
732313 736660
82906 573112
616019 101894
82453 722918
611366 101894
86221 583414
728826 736949
581100 86221
736660 105503
570739 601353
86221 584611
725195 736660
601353 577403
101894 107316
578901 82453
570201 601353
715509 109657
101894 112448
573112 619221
117774 86221
729252 715509
86221 585217
111222 715509
623613 581762
113383 715509
587717 86221
588852 601353
86221 581973
98341 573112
601353 569182
586813 82453
572092 86221
76317 721021
580201 82453
721208 82453
584659 86221
721078 112752
79076 573112
577283 601353
116348 715509
86221 78576
76938 101894
612342 589731
78279 86221
720232 741866
715509 94751
82453 722869
589731 84755
718897 741866
721078 727796
86986 721078
73121 721078
567966 102329
583995 86221
74191 721078
82453 589448
86221 584990
601353 577444
86221 733737
574665 120375
573112 621764
82453 568722
715509 112070
109917 101894
610211 120375
590406 601353
601353 581810
101894 606990
82453 569078
736213 82453
82453 577366
742394 715509
601353 574535
579641 623613
76317 116153
86221 725513
106734 715509
120620 82453
86091 715509
728665 715509
72933 120375
609462 101894
721078 77797
86221 715489
86221 105545
86221 569457
583638 623613
86976 715509
570648 86221
82453 582763
715509 108296
581796 82453
623613 575867
715509 121163
721078 83322
715509 111931
715921 741866
570085 601353
741866 736406
102526 76317
81712 608279
115883 715509
86221 104542
715509 108517
715509 111153
729175 715509
86221 583996
574242 86221
82453 737262
572077 601353
75803 715509
118873 589731
738335 86221
586873 82453
106113 82453
105519 86221
721609 82453
587863 601353
92665 567966
82453 582924
735588 741866
587131 601353
721078 743146
86221 582868
574951 601353
86221 719759
573112 601237
715509 107823
728826 91583
110839 101894
615218 101894
82453 565808
116790 76317
610679 101894
82165 86221
716508 86221
103669 110823
78743 86221
615645 589731
589793 82453
85258 589731
115788 84833
618245 573112
86221 571677
618764 573112
90753 598249
106318 86221
565556 82453
106170 76317
721078 78144
584230 82453
587035 601353
82453 583808
570151 601353
580546 86221
623613 580618
101894 611999
715509 110930
736805 120375
736660 720152
718391 76317
86221 584656
601353 104288
631714 101894
715509 76188
110823 112798
582351 82453
573112 593861
86221 584263
715509 121011
589731 79667
601353 583223
86221 570144
722162 86221
593203 86221
113086 728826
728826 717739
573112 74655
590971 613944
612758 580717
601353 592697
86221 716960
601353 581173
82453 723523
721078 112324
725684 86221
86221 584865
86221 587802
123144 98652
86221 588465
120375 610761
86221 719103
736660 90131
86221 581926
101894 110254
86221 717642
86221 721689
101894 736739
72865 589731
601353 578359
585906 86221
601353 625917
594101 601353
86221 588729
113727 721078
101894 629294
86221 572659
718610 120375
741866 725931
715509 107454
573112 83669
111377 120375
565309 86221
120375 624426
601353 576144
715509 74299
566593 120375
718332 86221
82453 593438
575745 101894
82453 102097
715509 98348
82453 589539
609538 120375
611362 589731
716095 76317
76148 715509
715509 714117
601353 590972
104545 86221
101894 734248
721078 107900
601353 586422
78104 101894
720905 86221
573112 601816
101894 574667
86221 583745
573112 102707
587218 86221
727687 715509
747253 715509
724124 101894
567391 82453
86221 720398
623613 588158
715509 77678
721078 95875
736019 82453
74755 715509
589731 629346
741866 740884
103883 721078
606525 101894
714047 721078
86221 719069
592167 86221
719949 741978
601353 573793
601353 578883
76317 121477
82453 727155
589731 614808
101894 576852
82453 732469
82008 736660
73547 721030
624677 101894
717653 86221
578185 601353
574403 86221
593165 86221
82453 583632
590952 82453
581139 82453
715509 736453
84833 577737
90753 111402
715509 735476
115856 715509
82453 573429
601353 568625
715509 112938
86221 713021
573112 79339
98652 81133
120375 724085
725047 86221
592927 86221
582368 82453
89933 736660
622893 573112
726774 86221
719371 82453
98503 573112
591389 82453
82453 719710
568293 82453
728826 90135
101894 592538
589731 78298
715509 120928
111643 715509
569499 84833
726907 86221
86221 725241
95434 715509
589731 77590
583900 76317
736660 105224
715509 97714
736660 739423
725200 86221
86221 588804
573544 601353
110189 120375
600514 120375
715556 86221
76261 721078
601353 582917
582535 601353
574055 601353
86221 713133
621477 601353
79788 82453
583803 82453
601353 578869
728826 84598
721030 743137
573112 123930
117175 715509
601353 570762
581138 86221
591847 82453
575314 601353
608279 586435
591163 86221
741866 717396
730996 76317
715509 77750
86221 104147
601353 113312
574123 601353
569045 601353
101894 600702
715509 742364
721078 83131
107055 589731
592104 86221
601353 585949
591375 82453
684209 944425
101894 614338
725559 86221
721519 86221
751545 715509
81445 736660
721078 86589
107283 721078
944399 684209
720284 98652
715509 94021
86221 589880
107034 715509
715509 123547
568257 82453
758564 721078
567912 101894
86221 568832
715509 746484
589731 602984
77067 715509
592753 86221
738718 82453
82453 582433
120375 576295
86221 589179
721030 77736
573112 618605
725258 86221
728826 103265
721078 82537
601353 568992
585094 601353
613944 573951
73965 715509
86221 108777
729281 715509
86278 715509
721078 107618
76625 715509
587315 82453
89082 111106
81236 728826
82453 625902
566835 601353
736660 718819
573112 115194
721078 94122
736660 90211
121369 589731
82174 86221
104280 76317
721078 714607
722370 82453
86221 584468
596246 573112
715509 110373
101894 615577
82453 581836
101894 607326
82453 106245
88170 721078
107928 721078
86221 726416
714413 86221
614014 589731
121148 589731
741866 738422
725247 76317
589731 630201
86221 121759
587639 86221
573112 94899
715509 728974
119193 86221
104190 86221
730718 82453
122358 736660
86221 737050
715509 122543
101894 616376
736660 93878
101894 629699
630413 589731
741866 740119
82453 736097
628874 573112
86221 571513
573112 630101
76317 93928
108730 715509
626922 101894
82453 587898
76951 715509
121683 82453
591791 601353
86221 591222
576247 120375
721078 73488
583308 111106
592036 86221
110823 584270
623613 584663
98652 582402
730797 82453
76317 106449
599527 101894
73055 715509
86221 584316
115322 86221
101894 575830
110823 592001
573112 121895
98541 715509
90753 606348
738697 86221
116139 86221
78561 86221
721078 97982
101894 615405
589731 87338
76317 718010
97957 715509
589731 611202
76317 719991
86221 719440
84829 728826
715509 734218
727761 721078
571275 85380
111499 715509
761726 715509
715509 115767
101894 607456
76317 78449
571776 601353
567006 601353
123468 86221
728826 73899
587121 82453
106234 734352
601353 591295
715509 76955
592979 86221
721078 75452
715509 108335
86221 82113
120375 600565
581539 601353
82453 581357
84358 567966
573986 86221
75388 715509
623613 623551
117901 736660
583745 601353
119132 86221
741866 717741
124344 101894
581519 86221
568569 86221
86221 589029
592408 736660
741866 741260
86221 571254
98652 582787
594346 101894
586743 611823
589731 110849
718766 741866
581443 86221
82453 588837
101894 593645
84833 586802
715509 734491
589731 123654
719925 741866
588391 601353
747408 721078
582843 82453
582424 86221
82453 721393
101114 573112
82453 587877
715509 109427
573112 94592
76605 715509
739278 86221
82719 573112
76570 589731
741866 732326
736660 123372
86221 737417
589285 86221
573112 601194
581613 611823
743033 715509
594539 82453
763231 715509
85339 589731
572748 82453
76317 117888
578146 84833
570545 98652
589892 86221
