90621 719917
728826 566427
583535 715509
76317 751661
73779 601353
576108 82453
114536 715509
113390 573112
96770 715509
601353 105916
86221 602636
82453 631082
721078 581248
327446 853457
601353 101217
605377 82453
101297 601353
613944 98958
86221 746843
81234 715509
715509 79880
101894 722635
713816 86221
86221 611879
106095 715509
573112 110453
853457 297645
82453 605682
80923 601353
90076 721078
101894 628281
721078 105408
86221 607371
82453 715327
105446 715509
715509 83602
715509 583367
115358 715509
85981 715509
715509 92929
601353 79529
733322 86221
631940 86221
594980 728826
76317 594540
105795 601353
715509 121745
601353 100148
320815 853457
94123 601353
713275 82453
738198 82453
573112 76831
582683 721078
715509 96803
86221 616939
114726 715509
82453 609432
123015 601353
608757 82453
601353 95877
119612 715509
715509 90430
601353 121491
728826 568630
613870 86221
601353 120331
621196 120375
715509 87820
760687 110823
741866 76289
592305 736660
741866 727075
82453 631117
116249 601353
82453 605199
82453 630983
88622 715509
115984 715509
715509 741538
101297 715509
86221 598628
115762 611823
101894 715484
717778 589731
104136 601353
597341 589731
86221 743086
82453 725195
718770 101894
586939 721078
741866 122381
110400 741866
103647 601353
721078 571258
589395 715509
86221 763726
86221 759705
88129 715509
715509 88939
741329 715509
715509 82968
730316 82453
601353 89849
601353 101964
86221 599258
588706 721078
715509 92042
600625 86221
589731 738425
741227 715509
101894 604970
79182 601353
118848 612083
74077 601353
715509 102380
715509 84789
726274 120375
104990 601353
715509 97006
721078 586840
603655 82453
120375 717205
105441 601353
82453 601023
715509 74834
575159 728826
623112 101894
78632 623613
601353 78631
721078 581801
622308 82453
623016 82453
97789 601353
724281 741866
620849 120375
95285 601353
739110 101894
86221 572276
728577 589731
615786 82453
97311 715509
589731 721998
86221 749087
715509 90620
96467 715509
576635 82453
601353 114180
565866 86221
581212 721078
596045 120375
82453 579251
721078 88841
585422 721078
103349 715509
611989 76317
605798 86221
715749 86221
79648 601353
603807 82453
78600 601353
82453 733165
601353 87146
597109 101894
601353 75445
110823 751657
721078 117158
82453 747343
110823 603778
86221 610503
73510 623613
114732 715509
568807 76317
613944 89284
598424 82453
89128 715509
591553 721078
853457 831925
82453 613698
82453 600617
82453 603218
601353 101824
102631 721078
611823 81753
82453 600788
115255 715509
82453 632402
98638 715509
91006 601353
89856 601353
573112 596080
736660 742559
101894 621001
581182 721078
627889 101894
721078 81552
587078 736660
736660 587738
715509 589177
736660 93454
713638 86221
736660 742159
715509 122809
82453 605593
589633 715509
721078 84986
83859 601353
121754 721078
100681 601353
731134 741866
722653 589731
86221 575150
573112 726860
604539 101894
120375 722600
101894 631084
613944 79809
853457 293631
611769 86221
100282 601353
101894 627101
76286 601353
89528 623613
589731 720185
101955 715509
715509 121421
573112 120989
82453 629961
86221 713617
104819 715509
728826 589902
617012 82453
90621 721983
101894 723341
101151 601353
741866 724018
92692 715509
715509 115654
101894 617615
573112 93174
101894 736129
622587 86221
86221 713514
715509 81017
589731 732475
592848 715509
117096 573112
82676 613944
601353 591771
101894 730474
601353 589065
735891 589731
723623 573112
741556 715509
114153 601353
575995 86221
86221 610937
86221 611772
601353 75595
740792 741866
113896 715509
601353 89230
722627 101894
715509 98968
101894 605898
587238 721078
735064 573112
606093 120375
715509 80758
116777 721078
739055 84833
589731 715991
86221 568307
577057 86221
101894 629730
715509 741597
573112 734692
122523 741866
120375 738758
592677 721078
101320 601353
601353 87255
101894 716462
573112 121009
82453 579150
741978 99560
741866 727729
589392 715509
86221 762322
601855 82453
92076 601353
715509 97649
716473 86221
103127 721078
117520 601353
601353 589096
715509 72597
96852 623613
104256 721078
581808 715509
101894 713656
715509 112812
80451 715509
724128 741866
122903 601353
601353 78822
715509 102310
737682 86221
101894 595878
590102 715509
101894 619114
751458 86221
605661 86221
610713 86221
78245 601353
621447 573112
612538 82453
728826 119531
715509 106261
86221 606875
90703 715509
86221 567407
601353 89995
742685 736660
598589 736660
83480 601353
94103 601353
105384 623613
613322 82453
610313 82453
101894 597562
101961 715509
623775 728826
82453 627483
589731 717936
82453 717936
81078 601353
751738 736660
86221 610376
629363 86221
608102 82453
721078 114025
572995 728826
601353 123766
110823 607634
715509 87119
104114 715509
82453 604566
624796 82453
110391 741866
715509 118368
715631 82453
739301 571275
86221 714357
602924 82453
104019 728826
727118 101894
566397 736660
601353 96229
104391 721078
83043 715509
606061 120375
86221 595984
733363 101894
101894 617305
715509 91576
568371 736660
601353 103103
587324 721078
589247 715509
738150 571275
746704 82453
82475 601353
714606 86221
715509 89714
82453 751882
82453 598805
82453 608291
76317 576839
715509 589752
82453 627291
573112 115966
715509 88429
715509 106034
78727 715509
741978 73075
105836 601353
728826 575084
738016 741866
573399 721078
101894 632202
721078 117576
82453 743026
715509 122104
590684 721078
601353 92835
82453 628556
728826 570291
86221 599489
116591 715509
631537 82453
715509 84782
98482 601353
110512 741866
82453 746444
84615 601353
86221 565075
579446 82453
106195 715509
86221 600178
83736 715509
608187 82453
82453 733090
101894 721592
715509 95629
124151 601353
729329 571275
732426 120375
599868 101894
108682 741866
580489 721078
82453 630954
736660 576091
601353 590074
86221 577689
84833 714278
88953 715509
598134 589731
715509 101614
716030 120375
715509 112573
101894 631441
742134 736660
630015 82453
121554 601353
715509 97451
82453 606817
110823 607402
88897 715509
601353 88207
573112 724758
83492 715509
746521 86221
86890 715509
715509 82970
90330 715509
736660 571023
591438 86221
100233 601353
101894 723503
735376 101894
82453 575901
93833 715509
601353 73173
605931 82453
601665 76317
569811 86221
715509 80874
86221 624320
715509 113159
715512 82453
601353 83523
601353 90186
719826 101894
617840 120375
82453 607157
736660 594981
715509 88783
86221 570810
736660 572600
715509 81927
715509 80652
715509 92789
81950 715509
575174 728826
82453 578716
721078 93450
79409 715509
607754 82453
82453 610149
721078 79577
741866 111494
82453 626988
115983 715509
105511 721078
612083 97180
589112 715509
600107 86221
117777 601353
101236 715509
715509 120050
746441 82453
741866 722767
86221 747304
82453 604653
86221 609019
82453 628006
613950 84833
728826 105051
629864 82453
591364 86221
581115 721078
613606 82453
742292 86221
601353 93848
581936 721078
84049 721078
721078 78549
82453 599905
612531 76317
86221 746416
725259 101894
715509 113610
590474 721078
77726 573112
78752 715509
623798 110823
601353 88118
716451 82453
83253 613944
76317 598261
614704 86221
78746 601353
84882 715509
601353 101662
736660 631583
566343 736660
113032 741866
728974 589731
601711 86221
101894 720383
601353 96991
596827 101894
102559 715509
628762 86221
736660 576148
101894 614785
573112 738797
95789 715509
87980 715509
83518 715509
632429 82453
94075 601353
727389 101894
728858 573112
715509 117985
715509 584583
98504 715509
80190 715509
98183 601353
715509 103589
80755 721078
601353 114829
88623 601353
74466 601353
571060 86221
86221 624813
100208 601353
589731 718946
715509 93142
86221 614255
112298 721078
86221 569756
570617 728826
120375 603748
92335 601353
329095 853457
610606 86221
120375 718962
713277 86221
98652 628778
741866 729478
101445 601353
741866 731600
601572 76317
715509 103367
86221 616925
580212 110823
715509 102145
102224 601353
91226 601353
601353 106411
601353 116528
122817 721078
567578 86221
606745 82453
741866 122452
612057 82453
117033 721078
110823 616798
119025 601353
86221 605442
74457 601353
89289 601353
589145 715509
93038 601353
82453 716545
624223 82453
737869 573112
101894 726254
115061 601353
616762 86221
100829 715509
608083 82453
717156 86221
573112 93173
112702 715509
603641 86221
741866 728213
86221 622745
601353 93607
715509 90310
714649 82453
853457 320848
92756 721078
715913 84833
82453 612193
573112 722877
631956 86221
853457 832185
87922 601353
98652 579528
101894 738225
611998 86221
601353 95421
575311 736660
721078 591826
573112 735204
736660 743045
721078 568939
86221 579155
89339 721078
568729 721078
89723 601353
573112 110755
728081 741866
629829 82453
603624 86221
619446 589731
120375 716085
724850 82453
101894 603459
82453 567725
721078 573829
721078 124115
721078 90619
86221 578633
109218 573112
82453 627607
721078 83913
81654 721078
86221 607130
86221 627295
86221 603841
753716 101894
86221 594736
728826 583804
86221 751462
86221 610484
84628 715509
120375 617373
721078 82158
92267 721078
721078 578706
741866 98977
86221 594571
86221 603150
758949 736660
122671 601353
741561 715509
120375 617279
741866 88632
599097 82453
601353 96426
601353 589245
615763 82453
99757 715509
86221 759728
715509 80913
75144 601353
601353 82374
82453 579206
721538 573112
613771 86221
86221 604209
120375 612892
602192 101894
601353 84191
759723 82453
736660 624646
606256 82453
86221 742830
715509 79819
81052 715509
86221 612489
721127 589731
118944 715509
601353 122627
82453 615915
715185 120375
601353 86314
715509 85757
853457 295398
105470 715509
82453 629784
86221 577468
119297 715509
732279 82453
101894 714427
573931 721078
623613 122989
625152 82453
86221 573114
759595 736660
613912 86221
599472 86221
589731 737919
626185 101894
86221 734712
615222 86221
612035 101894
715509 79481
73819 601353
574324 110823
80547 601353
86221 602662
614204 86221
101894 631569
82453 627704
715509 123813
715509 585647
576240 86221
715509 81545
93844 715509
86221 612704
73065 601353
86221 578798
86221 631432
82453 610924
736660 569402
116596 721078
575167 76317
604626 589731
613944 74995
728826 577879
715509 740925
601644 86221
721078 93254
101894 597579
715509 81137
86221 598610
716072 101894
573144 86221
758593 86221
601353 107382
120375 733434
715509 78685
715509 91229
589731 595375
601353 85598
86221 617154
715509 116299
569743 86221
571344 721078
82453 567884
732256 101894
117169 601353
601353 585667
73015 601353
618852 101894
82453 578310
82453 615204
629953 82453
86906 715509
760701 86221
721078 586714
631834 82453
601353 105520
86221 574146
715509 81925
715509 88674
601353 73460
86535 601353
101894 734597
715509 97434
589731 727145
721078 104813
76991 573112
95581 601353
626567 82453
611823 105962
624463 736660
628373 82453
88390 715509
86221 577734
576057 82453
715509 90059
618758 101894
568784 721078
715509 118992
572001 76317
630249 86221
82453 605278
581130 721078
86221 614819
759744 728826
86221 609993
86221 595711
601353 114192
629212 82453
104327 715509
95971 715509
601353 98477
82453 623352
601353 105099
715509 97448
86221 627294
715509 79210
81683 715509
102467 715509
86221 614032
89640 715509
605740 86221
721078 80135
96914 601353
597484 101894
607740 82453
741866 109854
86221 607406
619724 589731
747372 76317
713554 86221
621955 87977
87990 601353
589731 720245
86593 601353
84833 600156
601353 104826
72696 741866
720278 120375
601353 101574
613944 109916
119610 715509
94411 715509
715509 95612
76317 611452
121546 721078
86221 595116
122677 721078
715509 118857
715509 112676
715509 114790
86221 733029
606289 120375
582117 86221
601353 104023
73518 601353
90247 601353
725164 82453
107923 601353
100951 715509
715509 90652
601353 93726
616860 86221
86221 628397
601353 88361
86221 617039
119308 715509
86221 606793
593436 721078
609425 736660
578323 82453
83659 601353
609937 82453
715509 91298
113773 573112
94643 601353
82453 626530
736660 610774
743081 82453
729019 741866
83946 715509
741866 112151
578998 86221
724262 573112
748805 82453
614269 82453
741279 715509
115399 721078
86221 626999
116052 601353
601353 97485
86298 601353
732880 573112
721078 103319
716319 82453
572563 76317
591409 86221
616403 82453
601026 86221
715509 92742
715509 79345
82453 602692
715509 91021
746680 86221
612129 82453
86221 614886
614001 120375
86221 603976
328111 853457
618522 101894
583204 721078
715509 96347
602341 82453
82453 594782
82453 612095
576484 86221
715509 88325
715509 91928
119354 601353
715672 101894
82453 606498
623879 736660
721078 589161
601353 99864
77666 573112
578252 728826
608195 86221
86221 612754
90940 601353
715509 87556
736660 608908
82453 719727
76317 603100
622644 86221
101894 616917
86221 626372
721078 119097
627413 86221
716112 589731
82453 622413
607467 82453
112537 741866
751413 736660
601353 97095
715469 82453
86221 621809
86221 746973
589731 717737
712915 589731
120375 625721
97462 715509
82453 737676
601353 95338
733524 589731
597473 589731
601353 115146
742784 86221
86221 624317
731961 741866
101894 602215
74165 715509
604982 86221
598569 82453
117902 601353
98287 741866
589731 123909
585630 715509
86221 570931
597981 101894
715509 118345
93193 715509
603058 98652
115139 601353
605794 86221
73066 741866
587364 736660
601353 83120
101894 617454
603477 86221
119641 715509
622924 101894
76275 601353
589731 620373
578355 86221
601353 119966
715509 122732
114127 715509
82453 746827
629986 736660
736660 571993
599967 82453
103108 715509
853457 297220
123334 721078
88005 715509
616428 86221
715509 112768
721078 582853
736660 608543
